1763138238690 0.47337 0
1763138377964 0.48809 1
1763138511515 0.2317 2
1763138658437 0.18857 3
1763138788317 0.31637 4
1763138940300 0.34719 5
1763139061211 0.44451 6
1763139213469 0.30923 7
1763139330425 0.47165 8
1763139488201 0.48086 9
1763139602322 0.54123 10
1763139762752 0.49099 11
1763139879455 0.55409 12
1763140016281 0.53385 13
1763140123385 0.5674 14
1763140250132 0.64514 15
1763140365962 0.63077 16
1763140481622 0.6306 17
1763140610811 0.60653 18
1763140717055 0.68183 19
1763140852176 0.67539 20
1763140953454 0.66463 21
1763141091170 0.70597 22
1763141196532 0.72218 23
1763141329520 0.67652 24
1763141439787 0.66504 25
1763141561088 0.7132 26
1763141680334 0.71547 27
1763141794588 0.71284 28
1763141924513 0.71164 29
1763142032313 0.74168 30
1763142167242 0.73922 31
1763142270413 0.72321 32
1763142409454 0.73822 33
1763142512456 0.74575 34
1763142642105 0.7424 35
1763142757477 0.75608 36
1763142878995 0.76953 37
1763142999687 0.74982 38
1763143111063 0.75173 39
1763143243482 0.7696 40
1763143349418 0.77197 41
1763143490929 0.78172 42
1763143592193 0.74406 43
1763143730978 0.78047 44
1763143836454 0.78188 45
1763143964204 0.76849 46
1763144078180 0.77534 47
1763144198287 0.79861 48
1763144320919 0.77272 49
1763144432770 0.76608 50
1763144564646 0.80062 51
1763144667535 0.80499 52
1763144808510 0.78335 53
1763144909340 0.78409 54
1763145045942 0.78033 55
1763145147515 0.78616 56
1763145264628 0.76241 57
1763145374167 0.78014 58
1763145480393 0.79055 59
1763145600786 0.77912 60
1763145697823 0.79621 61
1763145830313 0.77936 62
1763145926422 0.80623 63
1763146053182 0.79424 64
1763146154267 0.78336 65
1763146271679 0.79875 66
1763146386679 0.78691 67
1763146509609 0.80031 68
1763146641153 0.82271 69
1763146758133 0.80137 70
1763146896567 0.77929 71
1763147004580 0.79123 72
1763147150911 0.82114 73
1763147257384 0.80946 74
1763147402875 0.82286 75
1763147510677 0.82931 76
1763147647956 0.79996 77
1763147762961 0.82232 78
1763147893625 0.82149 79
1763148016235 0.81813 80
1763148140981 0.8105 81
1763148268965 0.82715 82
1763148384901 0.80748 83
1763148518912 0.79912 84
1763148614719 0.80148 85
1763148745000 0.81072 86
1763148840843 0.79145 87
1763148960601 0.79371 88
1763149067733 0.79406 89
1763149179112 0.79979 90
1763149293901 0.81871 91
1763149394323 0.79777 92
1763149519189 0.80398 93
1763149614623 0.81452 94
1763149743998 0.79867 95
1763149841420 0.80758 96
1763149960230 0.81269 97
1763150067148 0.816 98
1763150175633 0.81198 99
1763150293361 0.79629 100
1763150392186 0.78127 101
1763150520811 0.82932 102
1763150616768 0.8068 103
1763150742000 0.83655 104
1763150842484 0.81873 105
1763150956644 0.82563 106
1763151069279 0.82776 107
1763151173368 0.80518 108
1763151294596 0.82317 109
1763151412884 0.81452 110
1763151552215 0.7969 111
1763151661157 0.80673 112
1763151813172 0.80733 113
1763151920823 0.82163 114
1763152048420 0.80911 115
1763152147972 0.8395 116
1763152264554 0.81579 117
1763152374682 0.8266 118
1763152483751 0.83215 119
1763152602451 0.80951 120
1763152700111 0.81362 121
1763152829375 0.80769 122
1763152925467 0.81677 123
1763153051276 0.81973 124
1763153151985 0.83126 125
1763153269333 0.82154 126
1763153379227 0.82973 127
1763153484134 0.84633 128
1763153605142 0.84815 129
1763153700844 0.83262 130
1763153831722 0.82223 131
1763153927509 0.81846 132
1763154052040 0.82398 133
1763154156049 0.83272 134
1763154267797 0.81577 135
1763154381868 0.8201 136
1763154482551 0.82643 137
1763154609098 0.82539 138
1763154704697 0.83296 139
1763154833190 0.82196 140
1763154931037 0.84124 141
1763155059301 0.84102 142
1763155179670 0.83983 143
1763155302775 0.84832 144
1763155432685 0.84295 145
1763155548496 0.83781 146
1763155684721 0.84305 147
1763155791899 0.85097 148
1763155936007 0.85939 149
1763156040842 0.85086 150
1763156183381 0.82284 151
1763156292411 0.84654 152
1763156427106 0.84832 153
1763156543394 0.84568 154
1763156669723 0.83716 155
1763156794122 0.84888 156
1763156913896 0.83185 157
1763157047406 0.83571 158
1763157154612 0.84378 159
1763157279272 0.83768 160
1763157374817 0.83247 161
1763157501701 0.82417 162
1763157599858 0.83545 163
1763157720677 0.83861 164
1763157827718 0.8344 165
1763157936791 0.83391 166
1763158053813 0.82368 167
1763158151069 0.8377 168
1763158279372 0.82851 169
1763158374524 0.82775 170
1763158502270 0.82774 171
1763158601746 0.84857 172
1763158717895 0.85647 173
1763158828361 0.84883 174
1763158933514 0.83978 175
1763159053994 0.83752 176
1763159149026 0.83617 177
1763159278163 0.82588 178
1763159373130 0.82206 179
1763159496978 0.82307 180
1763159597204 0.82471 181
1763159709806 0.83167 182
1763159820305 0.84552 183
1763159923872 0.83312 184
1763160045432 0.82944 185
1763160140223 0.83711 186
1763160268494 0.84981 187
1763160363559 0.83719 188
1763160482132 0.84593 189
1763160588426 0.83533 190
1763160697919 0.84081 191
1763160812054 0.85112 192
1763160910990 0.8413 193
1763161036573 0.8425 194
1763161131807 0.84495 195
1763161257450 0.84898 196
1763161357784 0.85219 197
1763161474926 0.85831 198
1763161582000 0.85347 199
1763161688785 0.84894 200
1763161805771 0.87186 201
1763161903204 0.86894 202
1763162035388 0.86377 203
1763162131066 0.86053 204
1763162254918 0.86956 205
1763162354268 0.86252 206
1763162467473 0.86767 207
1763162578405 0.86685 208
1763162682103 0.86911 209
1763162804130 0.86075 210
1763162900184 0.85784 211
1763163030508 0.86561 212
1763163127317 0.86233 213
1763163252159 0.8588 214
1763163355970 0.85849 215
1763163496064 0.85789 216
1763163620283 0.85944 217
1763163769074 0.86225 218
1763163907188 0.86226 219
1763164051763 0.8667 220
1763164194159 0.87298 221
1763164319542 0.87597 222
1763164451119 0.87293 223
1763164568531 0.87226 224
1763164702887 0.86869 225
1763164809311 0.87576 226
1763164952909 0.87216 227
1763165057966 0.87859 228
1763165202208 0.86769 229
1763165307439 0.86741 230
1763165443791 0.86619 231
1763165557676 0.86025 232
1763165685766 0.86125 233
1763165801297 0.86984 234
1763165904590 0.86849 235
1763166025669 0.86448 236
1763166121299 0.86683 237
1763166251061 0.86549 238
1763166346272 0.87321 239
1763166467298 0.87505 240
1763166569963 0.87007 241
1763166684751 0.87142 242
1763166795976 0.86947 243
1763166899229 0.87307 244
1763167022434 0.87418 245
1763167122460 0.86798 246
1763167251829 0.86494 247
1763167347094 0.86499 248
1763167470837 0.86789 249
1763167572899 0.87061 250
1763167685301 0.87402 251
1763167797665 0.87134 252
1763167899239 0.87185 253
1763168021427 0.87164 254
1763168116286 0.86818 255
1763168247207 0.8692 256
1763168342408 0.86886 257
1763168461984 0.87092 258
1763168566122 0.87146 259
1763168675181 0.87167 260
1763168790387 0.86911 261
1763168891801 0.87083 262
1763169016259 0.87097 263
1763169111300 0.86504 264
1763169238088 0.86818 265
1763169335644 0.86933 266
1763169453335 0.85958 267
1763169561197 0.84992 268
1763169668059 0.84993 269
1763169785399 0.85258 270
1763169881208 0.8522 271
1763170009389 0.85435 272
1763170104408 0.85871 273
1763170227528 0.85752 274
1763170328887 0.85264 275
1763170444192 0.85281 276
1763170553071 0.85197 277
1763170657186 0.85194 278
1763170777549 0.85186 279
1763170872670 0.8518 280
1763171003486 0.85201 281
1763171098850 0.85146 282
1763171221101 0.85131 283
1763171323228 0.8517 284
1763171434636 0.85027 285
1763171547027 0.8505 286
1763171650607 0.84704 287
1763171772111 0.84753 288
1763171866975 0.84672 289
1763171995729 0.85317 290
1763172091005 0.85318 291
1763172209229 0.85352 292
1763172324967 0.85736 293
1763172452832 0.85624 294
1763172575840 0.85934 295
1763172693484 0.85945 296
1763172823792 0.85911 297
1763172933848 0.85919 298
1763173073615 0.85959 299
1763173178839 0.85956 300
1763173322890 0.85926 301
1763173427439 0.85936 302
1763173562878 0.85862 303
1763173677988 0.85428 304
1763173804777 0.86032 305
1763173926626 0.86049 306
1763174049013 0.86117 307
1763174176559 0.85575 308
1763174289191 0.85569 309
1763174418970 0.8579 310
1763174513660 0.8669 311
1763174640996 0.86104 312
1763174739352 0.85927 313
1763174858135 0.86194 314
1763174971289 0.86136 315
1763175088295 0.86151 316
1763175200487 0.86121 317
1763175301836 0.86148 318
1763175425477 0.86113 319
1763175522560 0.86225 320
1763175652151 0.86199 321
1763175749007 0.86393 322
1763175867898 0.86366 323
1763175974122 0.86189 324
1763176081427 0.86162 325
1763176199683 0.86159 326
1763176296577 0.86203 327
1763176424326 0.86245 328
1763176519595 0.86291 329
1763176642650 0.86158 330
1763176742348 0.86239 331
1763176854653 0.86119 332
1763176966593 0.86132 333
1763177071433 0.86143 334
1763177190764 0.86182 335
1763177285577 0.8635 336
1763177414232 0.86344 337
1763177509011 0.86363 338
1763177632826 0.86359 339
1763177734432 0.86365 340
1763177845978 0.86884 341
1763177958064 0.86877 342
1763178059816 0.86886 343
1763178182679 0.86914 344
1763178277485 0.8687 345
1763178407665 0.86862 346
1763178502805 0.86882 347
1763178621120 0.86884 348
1763178726344 0.86872 349
1763178836494 0.86863 350
1763178952513 0.86592 351
1763179054217 0.86566 352
1763179179646 0.8658 353
1763179275552 0.86541 354
1763179403174 0.86527 355
1763179502908 0.8649 356
1763179618450 0.86527 357
1763179727637 0.86543 358
1763179833112 0.86838 359
1763179951040 0.86563 360
1763180046136 0.86542 361
1763180176176 0.86521 362
1763180271232 0.87014 363
1763180393663 0.87012 364
1763180495803 0.86685 365
1763180610267 0.86712 366
1763180722151 0.86705 367
1763180825131 0.87019 368
1763180962104 0.87041 369
1763181067528 0.8705 370
1763181215674 0.86933 371
1763181320342 0.8692 372
1763181461120 0.86574 373
1763181571177 0.86577 374
1763181702811 0.86194 375
1763181821317 0.86628 376
1763181945026 0.86825 377
1763182072507 0.86008 378
1763182187655 0.86496 379
1763182322476 0.86303 380
1763182428302 0.86522 381
1763182572763 0.86569 382
1763182677135 0.86873 383
1763182818437 0.86541 384
1763182930205 0.86721 385
1763183055369 0.86734 386
1763183160994 0.8675 387
1763183269418 0.86746 388
1763183385980 0.8673 389
1763183483286 0.86793 390
1763183612054 0.86785 391
1763183706970 0.86781 392
1763183831667 0.86602 393
1763183931207 0.86594 394
1763184047403 0.86609 395
1763184156566 0.86568 396
1763184263071 0.86568 397
1763184382056 0.8652 398
1763184477379 0.86527 399
1763184607983 0.86551 400
1763184703139 0.86527 401
1763184824492 0.86576 402
1763184927672 0.86506 403
1763185041206 0.86662 404
1763185153410 0.86517 405
1763185253802 0.86342 406
1763185378062 0.86306 407
1763185473261 0.86347 408
1763185601155 0.86329 409
1763185700020 0.86434 410
1763185817804 0.86407 411
1763185924595 0.86414 412
1763186031781 0.86417 413
1763186149171 0.86447 414
1763186245506 0.86442 415
1763186374835 0.86461 416
1763186470423 0.86407 417
1763186594272 0.86464 418
1763186694244 0.8649 419
1763186807045 0.86482 420
1763186918242 0.86472 421
1763187023073 0.86478 422
1763187143798 0.86452 423
1763187238347 0.8647 424
1763187367553 0.86485 425
1763187462573 0.86487 426
1763187582626 0.86476 427
1763187686401 0.86402 428
1763187797058 0.86401 429
1763187911075 0.86394 430
1763188009143 0.86375 431
1763188135735 0.8634 432
1763188230738 0.86339 433
1763188354795 0.85621 434
1763188456163 0.85651 435
1763188571472 0.8557 436
1763188681597 0.8555 437
1763188785467 0.8549 438
1763188906082 0.85802 439
1763189001055 0.85775 440
1763189131111 0.85778 441
1763189227584 0.85734 442
1763189348848 0.85433 443
1763189451717 0.85398 444
1763189575065 0.85438 445
1763189701155 0.85422 446
1763189817631 0.86125 447
1763189949980 0.86086 448
1763190060668 0.86067 449
1763190199876 0.86338 450
1763190305134 0.86317 451
1763190448764 0.8629 452
1763190554061 0.86233 453
1763190689654 0.86203 454
1763190805605 0.86203 455
1763190934413 0.86209 456
1763191055397 0.86224 457
1763191175291 0.86189 458
1763191304878 0.86106 459
1763191415630 0.86108 460
1763191553909 0.86107 461
1763191656104 0.86043 462
1763191785716 0.85917 463
1763191881043 0.85853 464
1763192001106 0.85846 465
1763192106217 0.85702 466
1763192216097 0.85645 467
1763192332479 0.85642 468
1763192432570 0.85604 469
1763192558087 0.85595 470
1763192652923 0.85556 471
1763192777357 0.85547 472
1763192875416 0.85539 473
1763192994310 0.85513 474
1763193101226 0.85446 475
1763193209244 0.85419 476
1763193326442 0.84764 477
1763193422745 0.84703 478
1763193550801 0.84671 479
1763193647630 0.8465 480
1763193775421 0.84747 481
1763193875840 0.84699 482
1763193990060 0.84667 483
1763194099422 0.8484 484
1763194203336 0.84824 485
1763194322281 0.84741 486
1763194418491 0.84725 487
1763194547476 0.84685 488
1763194642755 0.84664 489
1763194749940 0.85554 490
1763194830035 0.85487 491
1763194918818 0.85422 492
1763195008278 0.85362 493
1763195022918 0.8660544610820781 493
