1763138238690 0.19369 0
1763138377964 0.19867 1
1763138511515 0.07727 2
1763138658437 0.04592 3
1763138788317 0.10821 4
1763138940300 0.12692 5
1763139061211 0.17952 6
1763139213469 0.11002 7
1763139330425 0.19391 8
1763139488201 0.19838 9
1763139602322 0.22464 10
1763139762752 0.19522 11
1763139879455 0.25179 12
1763140016281 0.25127 13
1763140123385 0.26347 14
1763140250132 0.27987 15
1763140365962 0.29593 16
1763140481622 0.29782 17
1763140610811 0.27896 18
1763140717055 0.32097 19
1763140852176 0.3216 20
1763140953454 0.32096 21
1763141091170 0.33995 22
1763141196532 0.3586 23
1763141329520 0.34151 24
1763141439787 0.32181 25
1763141561088 0.34899 26
1763141680334 0.34595 27
1763141794588 0.35918 28
1763141924513 0.35771 29
1763142032313 0.36772 30
1763142167242 0.37482 31
1763142270413 0.37213 32
1763142409454 0.36739 33
1763142512456 0.37901 34
1763142642105 0.37954 35
1763142757477 0.37306 36
1763142878995 0.38329 37
1763142999687 0.39015 38
1763143111063 0.38323 39
1763143243482 0.39878 40
1763143349418 0.40619 41
1763143490929 0.4052 42
1763143592193 0.37374 43
1763143730978 0.38775 44
1763143836454 0.41311 45
1763143964204 0.40239 46
1763144078180 0.41988 47
1763144198287 0.41714 48
1763144320919 0.40827 49
1763144432770 0.41612 50
1763144564646 0.41695 51
1763144667535 0.41038 52
1763144808510 0.42193 53
1763144909340 0.40992 54
1763145045942 0.41152 55
1763145147515 0.4124 56
1763145264628 0.40779 57
1763145374167 0.40598 58
1763145480393 0.42393 59
1763145600786 0.40565 60
1763145697823 0.43532 61
1763145830313 0.41963 62
1763145926422 0.42583 63
1763146053182 0.42513 64
1763146154267 0.42116 65
1763146271679 0.43747 66
1763146386679 0.43356 67
1763146509609 0.42466 68
1763146641153 0.43875 69
1763146758133 0.44066 70
1763146896567 0.43848 71
1763147004580 0.4421 72
1763147150911 0.44943 73
1763147257384 0.43384 74
1763147402875 0.46271 75
1763147510677 0.47095 76
1763147647956 0.45357 77
1763147762961 0.45488 78
1763147893625 0.45643 79
1763148016235 0.47388 80
1763148140981 0.4653 81
1763148268965 0.46251 82
1763148384901 0.46297 83
1763148518912 0.45173 84
1763148614719 0.45631 85
1763148745000 0.43885 86
1763148840843 0.44226 87
1763148960601 0.45296 88
1763149067733 0.463 89
1763149179112 0.45735 90
1763149293901 0.45908 91
1763149394323 0.46938 92
1763149519189 0.46629 93
1763149614623 0.4611 94
1763149743998 0.44801 95
1763149841420 0.46027 96
1763149960230 0.45989 97
1763150067148 0.4628 98
1763150175633 0.46522 99
1763150293361 0.46823 100
1763150392186 0.45603 101
1763150520811 0.47666 102
1763150616768 0.47624 103
1763150742000 0.48341 104
1763150842484 0.48806 105
1763150956644 0.47954 106
1763151069279 0.48706 107
1763151173368 0.47648 108
1763151294596 0.47406 109
1763151412884 0.47106 110
1763151552215 0.47801 111
1763151661157 0.48767 112
1763151813172 0.47984 113
1763151920823 0.5044 114
1763152048420 0.49081 115
1763152147972 0.49124 116
1763152264554 0.48484 117
1763152374682 0.49204 118
1763152483751 0.49818 119
1763152602451 0.49768 120
1763152700111 0.49756 121
1763152829375 0.49863 122
1763152925467 0.49815 123
1763153051276 0.50573 124
1763153151985 0.50654 125
1763153269333 0.49577 126
1763153379227 0.49646 127
1763153484134 0.49929 128
1763153605142 0.50843 129
1763153700844 0.49172 130
1763153831722 0.49774 131
1763153927509 0.49832 132
1763154052040 0.50531 133
1763154156049 0.48862 134
1763154267797 0.48618 135
1763154381868 0.48483 136
1763154482551 0.48746 137
1763154609098 0.49597 138
1763154704697 0.49514 139
1763154833190 0.49379 140
1763154931037 0.50087 141
1763155059301 0.50067 142
1763155179670 0.51303 143
1763155302775 0.51731 144
1763155432685 0.50641 145
1763155548496 0.49992 146
1763155684721 0.49533 147
1763155791899 0.50253 148
1763155936007 0.5054 149
1763156040842 0.50284 150
1763156183381 0.49666 151
1763156292411 0.51144 152
1763156427106 0.50743 153
1763156543394 0.49884 154
1763156669723 0.50006 155
1763156794122 0.49819 156
1763156913896 0.50394 157
1763157047406 0.50756 158
1763157154612 0.50523 159
1763157279272 0.50282 160
1763157374817 0.501 161
1763157501701 0.50328 162
1763157599858 0.50843 163
1763157720677 0.50936 164
1763157827718 0.50292 165
1763157936791 0.51241 166
1763158053813 0.51082 167
1763158151069 0.51686 168
1763158279372 0.51105 169
1763158374524 0.50921 170
1763158502270 0.5128 171
1763158601746 0.52184 172
1763158717895 0.5259 173
1763158828361 0.52723 174
1763158933514 0.53025 175
1763159053994 0.5278 176
1763159149026 0.52548 177
1763159278163 0.51961 178
1763159373130 0.51701 179
1763159496978 0.5169 180
1763159597204 0.52023 181
1763159709806 0.52413 182
1763159820305 0.52796 183
1763159923872 0.52827 184
1763160045432 0.53148 185
1763160140223 0.52796 186
1763160268494 0.53034 187
1763160363559 0.53003 188
1763160482132 0.52754 189
1763160588426 0.53303 190
1763160697919 0.52909 191
1763160812054 0.53608 192
1763160910990 0.53234 193
1763161036573 0.5397 194
1763161131807 0.53892 195
1763161257450 0.54014 196
1763161357784 0.54228 197
1763161474926 0.54192 198
1763161582000 0.54356 199
1763161688785 0.53835 200
1763161805771 0.54339 201
1763161903204 0.54737 202
1763162035388 0.54724 203
1763162131066 0.54117 204
1763162254918 0.54571 205
1763162354268 0.54568 206
1763162467473 0.54423 207
1763162578405 0.54297 208
1763162682103 0.54245 209
1763162804130 0.54093 210
1763162900184 0.54297 211
1763163030508 0.54286 212
1763163127317 0.54403 213
1763163252159 0.5455 214
1763163355970 0.5449 215
1763163496064 0.54365 216
1763163620283 0.54327 217
1763163769074 0.54164 218
1763163907188 0.54247 219
1763164051763 0.54049 220
1763164194159 0.53973 221
1763164319542 0.54315 222
1763164451119 0.54624 223
1763164568531 0.54759 224
1763164702887 0.54721 225
1763164809311 0.54806 226
1763164952909 0.55264 227
1763165057966 0.54982 228
1763165202208 0.55139 229
1763165307439 0.55393 230
1763165443791 0.55202 231
1763165557676 0.55096 232
1763165685766 0.55095 233
1763165801297 0.55004 234
1763165904590 0.55103 235
1763166025669 0.55285 236
1763166121299 0.55527 237
1763166251061 0.55611 238
1763166346272 0.55845 239
1763166467298 0.55988 240
1763166569963 0.56191 241
1763166684751 0.56047 242
1763166795976 0.56268 243
1763166899229 0.56295 244
1763167022434 0.55987 245
1763167122460 0.55924 246
1763167251829 0.5589 247
1763167347094 0.55929 248
1763167470837 0.55839 249
1763167572899 0.55711 250
1763167685301 0.55984 251
1763167797665 0.56031 252
1763167899239 0.56221 253
1763168021427 0.56189 254
1763168116286 0.56037 255
1763168247207 0.5583 256
1763168342408 0.56047 257
1763168461984 0.55817 258
1763168566122 0.55906 259
1763168675181 0.56085 260
1763168790387 0.55892 261
1763168891801 0.56026 262
1763169016259 0.56141 263
1763169111300 0.56077 264
1763169238088 0.56226 265
1763169335644 0.56184 266
1763169453335 0.56098 267
1763169561197 0.55888 268
1763169668059 0.55823 269
1763169785399 0.55892 270
1763169881208 0.55928 271
1763170009389 0.56003 272
1763170104408 0.56056 273
1763170227528 0.56171 274
1763170328887 0.56013 275
1763170444192 0.56031 276
1763170553071 0.56059 277
1763170657186 0.56138 278
1763170777549 0.56142 279
1763170872670 0.56101 280
1763171003486 0.56006 281
1763171098850 0.5607 282
1763171221101 0.55938 283
1763171323228 0.56003 284
1763171434636 0.55978 285
1763171547027 0.56152 286
1763171650607 0.56175 287
1763171772111 0.56232 288
1763171866975 0.56213 289
1763171995729 0.56384 290
1763172091005 0.56316 291
1763172209229 0.56282 292
1763172324967 0.56431 293
1763172452832 0.56555 294
1763172575840 0.56709 295
1763172693484 0.56649 296
1763172823792 0.56532 297
1763172933848 0.56419 298
1763173073615 0.56347 299
1763173178839 0.56391 300
1763173322890 0.56259 301
1763173427439 0.56337 302
1763173562878 0.56298 303
1763173677988 0.56433 304
1763173804777 0.56663 305
1763173926626 0.56672 306
1763174049013 0.56832 307
1763174176559 0.56642 308
1763174289191 0.56791 309
1763174418970 0.56643 310
1763174513660 0.5666 311
1763174640996 0.56662 312
1763174739352 0.56665 313
1763174858135 0.56575 314
1763174971289 0.56556 315
1763175088295 0.56706 316
1763175200487 0.56653 317
1763175301836 0.5674 318
1763175425477 0.56498 319
1763175522560 0.56682 320
1763175652151 0.56669 321
1763175749007 0.56643 322
1763175867898 0.56597 323
1763175974122 0.56697 324
1763176081427 0.56621 325
1763176199683 0.56727 326
1763176296577 0.5673 327
1763176424326 0.56702 328
1763176519595 0.56727 329
1763176642650 0.56537 330
1763176742348 0.56594 331
1763176854653 0.56729 332
1763176966593 0.56782 333
1763177071433 0.56774 334
1763177190764 0.56883 335
1763177285577 0.56831 336
1763177414232 0.56803 337
1763177509011 0.56827 338
1763177632826 0.56788 339
1763177734432 0.56742 340
1763177845978 0.56809 341
1763177958064 0.56788 342
1763178059816 0.56842 343
1763178182679 0.56997 344
1763178277485 0.56902 345
1763178407665 0.57079 346
1763178502805 0.57139 347
1763178621120 0.5709 348
1763178726344 0.57105 349
1763178836494 0.57125 350
1763178952513 0.57158 351
1763179054217 0.57034 352
1763179179646 0.57077 353
1763179275552 0.56993 354
1763179403174 0.57199 355
1763179502908 0.57139 356
1763179618450 0.57242 357
1763179727637 0.57118 358
1763179833112 0.57186 359
1763179951040 0.57136 360
1763180046136 0.57269 361
1763180176176 0.57114 362
1763180271232 0.57143 363
1763180393663 0.57238 364
1763180495803 0.57201 365
1763180610267 0.57325 366
1763180722151 0.5725 367
1763180825131 0.57337 368
1763180962104 0.57346 369
1763181067528 0.57406 370
1763181215674 0.57385 371
1763181320342 0.57436 372
1763181461120 0.57413 373
1763181571177 0.5738 374
1763181702811 0.57375 375
1763181821317 0.57353 376
1763181945026 0.57383 377
1763182072507 0.57299 378
1763182187655 0.57409 379
1763182322476 0.57277 380
1763182428302 0.57319 381
1763182572763 0.57401 382
1763182677135 0.57436 383
1763182818437 0.57332 384
1763182930205 0.5733 385
1763183055369 0.57357 386
1763183160994 0.57329 387
1763183269418 0.57303 388
1763183385980 0.57329 389
1763183483286 0.57381 390
1763183612054 0.57454 391
1763183706970 0.57425 392
1763183831667 0.57727 393
1763183931207 0.57545 394
1763184047403 0.57621 395
1763184156566 0.57432 396
1763184263071 0.57517 397
1763184382056 0.57468 398
1763184477379 0.57334 399
1763184607983 0.57521 400
1763184703139 0.57525 401
1763184824492 0.57458 402
1763184927672 0.57393 403
1763185041206 0.57627 404
1763185153410 0.57341 405
1763185253802 0.57623 406
1763185378062 0.57482 407
1763185473261 0.57444 408
1763185601155 0.5742 409
1763185700020 0.57377 410
1763185817804 0.57365 411
1763185924595 0.57501 412
1763186031781 0.57407 413
1763186149171 0.57178 414
1763186245506 0.57225 415
1763186374835 0.57249 416
1763186470423 0.5712 417
1763186594272 0.57321 418
1763186694244 0.5746 419
1763186807045 0.57487 420
1763186918242 0.57405 421
1763187023073 0.57383 422
1763187143798 0.57282 423
1763187238347 0.57288 424
1763187367553 0.57354 425
1763187462573 0.57352 426
1763187582626 0.57362 427
1763187686401 0.57296 428
1763187797058 0.57244 429
1763187911075 0.57304 430
1763188009143 0.57206 431
1763188135735 0.57133 432
1763188230738 0.57186 433
1763188354795 0.57104 434
1763188456163 0.57102 435
1763188571472 0.57135 436
1763188681597 0.57231 437
1763188785467 0.57213 438
1763188906082 0.5737 439
1763189001055 0.57223 440
1763189131111 0.57125 441
1763189227584 0.57075 442
1763189348848 0.5699 443
1763189451717 0.57015 444
1763189575065 0.57099 445
1763189701155 0.56975 446
1763189817631 0.57061 447
1763189949980 0.57012 448
1763190060668 0.56876 449
1763190199876 0.57057 450
1763190305134 0.56954 451
1763190448764 0.56917 452
1763190554061 0.56997 453
1763190689654 0.56659 454
1763190805605 0.56572 455
1763190934413 0.56777 456
1763191055397 0.5676 457
1763191175291 0.56695 458
1763191304878 0.56642 459
1763191415630 0.56589 460
1763191553909 0.56628 461
1763191656104 0.56632 462
1763191785716 0.56431 463
1763191881043 0.56418 464
1763192001106 0.56449 465
1763192106217 0.56239 466
1763192216097 0.56104 467
1763192332479 0.56013 468
1763192432570 0.55907 469
1763192558087 0.55804 470
1763192652923 0.55895 471
1763192777357 0.55824 472
1763192875416 0.55778 473
1763192994310 0.55634 474
1763193101226 0.55655 475
1763193209244 0.55473 476
1763193326442 0.55366 477
1763193422745 0.55281 478
1763193550801 0.5532 479
1763193647630 0.55272 480
1763193775421 0.55157 481
1763193875840 0.55228 482
1763193990060 0.55159 483
1763194099422 0.55021 484
1763194203336 0.55008 485
1763194322281 0.54915 486
1763194418491 0.54804 487
1763194547476 0.54852 488
1763194642755 0.54733 489
1763194749940 0.54854 490
1763194830035 0.54655 491
1763194918818 0.54618 492
1763195008278 0.54502 493
1763195022918 0.5768568708505806 493
