1763138238690 0.62168 0
1763138377964 0.60755 1
1763138511515 0.3843 2
1763138658437 0.33162 3
1763138788317 0.4873 4
1763138940300 0.42956 5
1763139061211 0.54811 6
1763139213469 0.44631 7
1763139330425 0.55729 8
1763139488201 0.58208 9
1763139602322 0.5852 10
1763139762752 0.51269 11
1763139879455 0.61938 12
1763140016281 0.54788 13
1763140123385 0.65969 14
1763140250132 0.73434 15
1763140365962 0.65394 16
1763140481622 0.75663 17
1763140610811 0.66846 18
1763140717055 0.71678 19
1763140852176 0.71648 20
1763140953454 0.72764 21
1763141091170 0.83983 22
1763141196532 0.74544 23
1763141329520 0.78028 24
1763141439787 0.75618 25
1763141561088 0.74797 26
1763141680334 0.76818 27
1763141794588 0.80444 28
1763141924513 0.82022 29
1763142032313 0.81145 30
1763142167242 0.84396 31
1763142270413 0.82814 32
1763142409454 0.7578 33
1763142512456 0.79976 34
1763142642105 0.85719 35
1763142757477 0.85044 36
1763142878995 0.85688 37
1763142999687 0.8183 38
1763143111063 0.86419 39
1763143243482 0.80449 40
1763143349418 0.86481 41
1763143490929 0.87098 42
1763143592193 0.78471 43
1763143730978 0.84823 44
1763143836454 0.81133 45
1763143964204 0.79416 46
1763144078180 0.84574 47
1763144198287 0.86384 48
1763144320919 0.85349 49
1763144432770 0.85337 50
1763144564646 0.85837 51
1763144667535 0.85026 52
1763144808510 0.8374 53
1763144909340 0.82517 54
1763145045942 0.86358 55
1763145147515 0.82835 56
1763145264628 0.84322 57
1763145374167 0.82088 58
1763145480393 0.8442 59
1763145600786 0.84493 60
1763145697823 0.84555 61
1763145830313 0.79935 62
1763145926422 0.89277 63
1763146053182 0.84832 64
1763146154267 0.82763 65
1763146271679 0.83261 66
1763146386679 0.86878 67
1763146509609 0.85035 68
1763146641153 0.87588 69
1763146758133 0.88594 70
1763146896567 0.79734 71
1763147004580 0.88012 72
1763147150911 0.88 73
1763147257384 0.80076 74
1763147402875 0.86818 75
1763147510677 0.87119 76
1763147647956 0.87875 77
1763147762961 0.85471 78
1763147893625 0.84632 79
1763148016235 0.85914 80
1763148140981 0.82999 81
1763148268965 0.88843 82
1763148384901 0.86337 83
1763148518912 0.89085 84
1763148614719 0.84432 85
1763148745000 0.84537 86
1763148840843 0.82571 87
1763148960601 0.83112 88
1763149067733 0.83666 89
1763149179112 0.86793 90
1763149293901 0.83229 91
1763149394323 0.82294 92
1763149519189 0.82094 93
1763149614623 0.87579 94
1763149743998 0.81822 95
1763149841420 0.86624 96
1763149960230 0.85903 97
1763150067148 0.86599 98
1763150175633 0.85577 99
1763150293361 0.84241 100
1763150392186 0.79251 101
1763150520811 0.85252 102
1763150616768 0.86676 103
1763150742000 0.90253 104
1763150842484 0.88398 105
1763150956644 0.87456 106
1763151069279 0.87107 107
1763151173368 0.88806 108
1763151294596 0.83779 109
1763151412884 0.86481 110
1763151552215 0.86857 111
1763151661157 0.88177 112
1763151813172 0.8761 113
1763151920823 0.86055 114
1763152048420 0.82636 115
1763152147972 0.90236 116
1763152264554 0.85464 117
1763152374682 0.87124 118
1763152483751 0.8549 119
1763152602451 0.83069 120
1763152700111 0.83135 121
1763152829375 0.85846 122
1763152925467 0.8452 123
1763153051276 0.85538 124
1763153151985 0.85935 125
1763153269333 0.83177 126
1763153379227 0.86308 127
1763153484134 0.86712 128
1763153605142 0.87922 129
1763153700844 0.85669 130
1763153831722 0.84121 131
1763153927509 0.85183 132
1763154052040 0.85899 133
1763154156049 0.89101 134
1763154267797 0.86967 135
1763154381868 0.87059 136
1763154482551 0.84148 137
1763154609098 0.84505 138
1763154704697 0.87596 139
1763154833190 0.85686 140
1763154931037 0.88287 141
1763155059301 0.85564 142
1763155179670 0.87143 143
1763155302775 0.87231 144
1763155432685 0.86862 145
1763155548496 0.87062 146
1763155684721 0.87113 147
1763155791899 0.86714 148
1763155936007 0.86591 149
1763156040842 0.84862 150
1763156183381 0.86266 151
1763156292411 0.88939 152
1763156427106 0.86486 153
1763156543394 0.86094 154
1763156669723 0.89117 155
1763156794122 0.88272 156
1763156913896 0.86583 157
1763157047406 0.8668 158
1763157154612 0.88002 159
1763157279272 0.89237 160
1763157374817 0.87665 161
1763157501701 0.87131 162
1763157599858 0.86628 163
1763157720677 0.86044 164
1763157827718 0.86302 165
1763157936791 0.84644 166
1763158053813 0.85982 167
1763158151069 0.89293 168
1763158279372 0.88306 169
1763158374524 0.87381 170
1763158502270 0.87463 171
1763158601746 0.89572 172
1763158717895 0.88189 173
1763158828361 0.89495 174
1763158933514 0.89092 175
1763159053994 0.89256 176
1763159149026 0.88454 177
1763159278163 0.87256 178
1763159373130 0.88161 179
1763159496978 0.89112 180
1763159597204 0.86409 181
1763159709806 0.88452 182
1763159820305 0.85679 183
1763159923872 0.84636 184
1763160045432 0.8605 185
1763160140223 0.86022 186
1763160268494 0.85821 187
1763160363559 0.8504 188
1763160482132 0.86559 189
1763160588426 0.85588 190
1763160697919 0.84946 191
1763160812054 0.86158 192
1763160910990 0.88385 193
1763161036573 0.8826 194
1763161131807 0.89041 195
1763161257450 0.90276 196
1763161357784 0.88476 197
1763161474926 0.89861 198
1763161582000 0.88399 199
1763161688785 0.87634 200
1763161805771 0.8792 201
1763161903204 0.8773 202
1763162035388 0.88151 203
1763162131066 0.87619 204
1763162254918 0.88352 205
1763162354268 0.89817 206
1763162467473 0.86141 207
1763162578405 0.8643 208
1763162682103 0.86583 209
1763162804130 0.86552 210
1763162900184 0.86699 211
1763163030508 0.87649 212
1763163127317 0.8717 213
1763163252159 0.87335 214
1763163355970 0.88073 215
1763163496064 0.87455 216
1763163620283 0.87789 217
1763163769074 0.87831 218
1763163907188 0.88585 219
1763164051763 0.88948 220
1763164194159 0.86311 221
1763164319542 0.88536 222
1763164451119 0.88217 223
1763164568531 0.88269 224
1763164702887 0.88226 225
1763164809311 0.88903 226
1763164952909 0.88263 227
1763165057966 0.88215 228
1763165202208 0.88797 229
1763165307439 0.88752 230
1763165443791 0.87575 231
1763165557676 0.8772 232
1763165685766 0.88082 233
1763165801297 0.88311 234
1763165904590 0.87173 235
1763166025669 0.87369 236
1763166121299 0.88113 237
1763166251061 0.86585 238
1763166346272 0.87146 239
1763166467298 0.86888 240
1763166569963 0.87117 241
1763166684751 0.87134 242
1763166795976 0.85233 243
1763166899229 0.8597 244
1763167022434 0.86106 245
1763167122460 0.8633 246
1763167251829 0.85335 247
1763167347094 0.84989 248
1763167470837 0.84655 249
1763167572899 0.85841 250
1763167685301 0.86429 251
1763167797665 0.86035 252
1763167899239 0.87709 253
1763168021427 0.87209 254
1763168116286 0.85695 255
1763168247207 0.85514 256
1763168342408 0.85687 257
1763168461984 0.86313 258
1763168566122 0.86312 259
1763168675181 0.87307 260
1763168790387 0.87354 261
1763168891801 0.8788 262
1763169016259 0.88121 263
1763169111300 0.87591 264
1763169238088 0.87367 265
1763169335644 0.87737 266
1763169453335 0.86967 267
1763169561197 0.86895 268
1763169668059 0.86539 269
1763169785399 0.86479 270
1763169881208 0.8609 271
1763170009389 0.86207 272
1763170104408 0.85052 273
1763170227528 0.85705 274
1763170328887 0.86568 275
1763170444192 0.86545 276
1763170553071 0.87239 277
1763170657186 0.84615 278
1763170777549 0.84585 279
1763170872670 0.8721 280
1763171003486 0.8705 281
1763171098850 0.8802 282
1763171221101 0.88095 283
1763171323228 0.88108 284
1763171434636 0.8773 285
1763171547027 0.87951 286
1763171650607 0.87122 287
1763171772111 0.87573 288
1763171866975 0.87218 289
1763171995729 0.87819 290
1763172091005 0.87889 291
1763172209229 0.87988 292
1763172324967 0.88422 293
1763172452832 0.88414 294
1763172575840 0.88388 295
1763172693484 0.88395 296
1763172823792 0.87914 297
1763172933848 0.87385 298
1763173073615 0.87051 299
1763173178839 0.87011 300
1763173322890 0.8702 301
1763173427439 0.87025 302
1763173562878 0.86942 303
1763173677988 0.86591 304
1763173804777 0.8776 305
1763173926626 0.87463 306
1763174049013 0.87463 307
1763174176559 0.87033 308
1763174289191 0.86654 309
1763174418970 0.86851 310
1763174513660 0.87664 311
1763174640996 0.87238 312
1763174739352 0.87667 313
1763174858135 0.8771 314
1763174971289 0.86678 315
1763175088295 0.86673 316
1763175200487 0.86584 317
1763175301836 0.8631 318
1763175425477 0.86292 319
1763175522560 0.86935 320
1763175652151 0.86857 321
1763175749007 0.86789 322
1763175867898 0.86779 323
1763175974122 0.86779 324
1763176081427 0.86781 325
1763176199683 0.86758 326
1763176296577 0.86927 327
1763176424326 0.87048 328
1763176519595 0.86982 329
1763176642650 0.87078 330
1763176742348 0.87073 331
1763176854653 0.87199 332
1763176966593 0.87217 333
1763177071433 0.8765 334
1763177190764 0.87052 335
1763177285577 0.87678 336
1763177414232 0.87703 337
1763177509011 0.8746 338
1763177632826 0.8748 339
1763177734432 0.87478 340
1763177845978 0.88695 341
1763177958064 0.88629 342
1763178059816 0.88733 343
1763178182679 0.8873 344
1763178277485 0.88562 345
1763178407665 0.8897 346
1763178502805 0.88923 347
1763178621120 0.88873 348
1763178726344 0.88916 349
1763178836494 0.88884 350
1763178952513 0.88415 351
1763179054217 0.88423 352
1763179179646 0.88405 353
1763179275552 0.88394 354
1763179403174 0.88425 355
1763179502908 0.88404 356
1763179618450 0.88377 357
1763179727637 0.88405 358
1763179833112 0.88901 359
1763179951040 0.88459 360
1763180046136 0.88486 361
1763180176176 0.88495 362
1763180271232 0.89315 363
1763180393663 0.89325 364
1763180495803 0.88888 365
1763180610267 0.88762 366
1763180722151 0.8879 367
1763180825131 0.89424 368
1763180962104 0.89458 369
1763181067528 0.89458 370
1763181215674 0.89447 371
1763181320342 0.89445 372
1763181461120 0.89007 373
1763181571177 0.8885 374
1763181702811 0.88394 375
1763181821317 0.88838 376
1763181945026 0.89276 377
1763182072507 0.88406 378
1763182187655 0.88855 379
1763182322476 0.88846 380
1763182428302 0.88814 381
1763182572763 0.88614 382
1763182677135 0.89403 383
1763182818437 0.88894 384
1763182930205 0.8888 385
1763183055369 0.88655 386
1763183160994 0.88609 387
1763183269418 0.88742 388
1763183385980 0.88597 389
1763183483286 0.88994 390
1763183612054 0.88997 391
1763183706970 0.88997 392
1763183831667 0.88557 393
1763183931207 0.88551 394
1763184047403 0.88629 395
1763184156566 0.88927 396
1763184263071 0.8893 397
1763184382056 0.88932 398
1763184477379 0.88935 399
1763184607983 0.88932 400
1763184703139 0.88933 401
1763184824492 0.88926 402
1763184927672 0.88895 403
1763185041206 0.88877 404
1763185153410 0.88851 405
1763185253802 0.88455 406
1763185378062 0.88418 407
1763185473261 0.88404 408
1763185601155 0.88347 409
1763185700020 0.88264 410
1763185817804 0.87829 411
1763185924595 0.87797 412
1763186031781 0.87788 413
1763186149171 0.87801 414
1763186245506 0.8781 415
1763186374835 0.87818 416
1763186470423 0.87834 417
1763186594272 0.87842 418
1763186694244 0.87846 419
1763186807045 0.87858 420
1763186918242 0.87541 421
1763187023073 0.8793 422
1763187143798 0.87913 423
1763187238347 0.87924 424
1763187367553 0.8793 425
1763187462573 0.87873 426
1763187582626 0.87855 427
1763187686401 0.87429 428
1763187797058 0.87387 429
1763187911075 0.87345 430
1763188009143 0.87315 431
1763188135735 0.87295 432
1763188230738 0.87288 433
1763188354795 0.86816 434
1763188456163 0.86833 435
1763188571472 0.86492 436
1763188681597 0.86472 437
1763188785467 0.8645 438
1763188906082 0.86827 439
1763189001055 0.86829 440
1763189131111 0.86836 441
1763189227584 0.86809 442
1763189348848 0.86616 443
1763189451717 0.8672 444
1763189575065 0.86695 445
1763189701155 0.86694 446
1763189817631 0.87121 447
1763189949980 0.87123 448
1763190060668 0.86418 449
1763190199876 0.86848 450
1763190305134 0.8683 451
1763190448764 0.86862 452
1763190554061 0.86856 453
1763190689654 0.86854 454
1763190805605 0.87225 455
1763190934413 0.87222 456
1763191055397 0.8722 457
1763191175291 0.86841 458
1763191304878 0.86847 459
1763191415630 0.87233 460
1763191553909 0.87231 461
1763191656104 0.86841 462
1763191785716 0.8685 463
1763191881043 0.86846 464
1763192001106 0.8665 465
1763192106217 0.86501 466
1763192216097 0.85811 467
1763192332479 0.85705 468
1763192432570 0.85487 469
1763192558087 0.85499 470
1763192652923 0.85357 471
1763192777357 0.85376 472
1763192875416 0.86553 473
1763192994310 0.85003 474
1763193101226 0.85218 475
1763193209244 0.85217 476
1763193326442 0.84806 477
1763193422745 0.84807 478
1763193550801 0.84808 479
1763193647630 0.84808 480
1763193775421 0.84808 481
1763193875840 0.84809 482
1763193990060 0.84809 483
1763194099422 0.8522 484
1763194203336 0.84961 485
1763194322281 0.84952 486
1763194418491 0.8494 487
1763194547476 0.84907 488
1763194642755 0.84874 489
1763194749940 0.85256 490
1763194830035 0.85601 491
1763194918818 0.85267 492
1763195008278 0.85273 493
1763195022918 0.8856020080146293 493
