1763138238690 0.4127 0
1763138377964 0.42857 1
1763138511515 0.26984 2
1763138658437 0.21825 3
1763138788317 0.31349 4
1763138940300 0.39286 5
1763139061211 0.45238 6
1763139213469 0.32937 7
1763139330425 0.49454 8
1763139488201 0.49206 9
1763139602322 0.52066 10
1763139762752 0.54365 11
1763139879455 0.5 12
1763140016281 0.53175 13
1763140123385 0.55159 14
1763140250132 0.59921 15
1763140365962 0.58333 16
1763140481622 0.53051 17
1763140610811 0.56746 18
1763140717055 0.62266 19
1763140852176 0.61171 20
1763140953454 0.62549 21
1763141091170 0.5826 22
1763141196532 0.65476 23
1763141329520 0.54365 24
1763141439787 0.59524 25
1763141561088 0.64683 26
1763141680334 0.64286 27
1763141794588 0.60714 28
1763141924513 0.63889 29
1763142032313 0.66603 30
1763142167242 0.64391 31
1763142270413 0.64286 32
1763142409454 0.67063 33
1763142512456 0.67063 34
1763142642105 0.6627 35
1763142757477 0.6627 36
1763142878995 0.69444 37
1763142999687 0.69841 38
1763143111063 0.65655 39
1763143243482 0.69048 40
1763143349418 0.67857 41
1763143490929 0.69649 42
1763143592193 0.66667 43
1763143730978 0.7097 44
1763143836454 0.73016 45
1763143964204 0.68897 46
1763144078180 0.66667 47
1763144198287 0.68254 48
1763144320919 0.69048 49
1763144432770 0.67063 50
1763144564646 0.71032 51
1763144667535 0.75 52
1763144808510 0.7153 53
1763144909340 0.7117 54
1763145045942 0.70336 55
1763145147515 0.70855 56
1763145264628 0.69841 57
1763145374167 0.71032 58
1763145480393 0.73016 59
1763145600786 0.71353 60
1763145697823 0.71032 61
1763145830313 0.74303 62
1763145926422 0.70238 63
1763146053182 0.73237 64
1763146154267 0.72222 65
1763146271679 0.71058 66
1763146386679 0.73016 67
1763146509609 0.73016 68
1763146641153 0.7381 69
1763146758133 0.70891 70
1763146896567 0.70259 71
1763147004580 0.70635 72
1763147150911 0.72754 73
1763147257384 0.74958 74
1763147402875 0.72222 75
1763147510677 0.77832 76
1763147647956 0.71032 77
1763147762961 0.77038 78
1763147893625 0.74603 79
1763148016235 0.75032 80
1763148140981 0.75397 81
1763148268965 0.75838 82
1763148384901 0.75397 83
1763148518912 0.71429 84
1763148614719 0.75325 85
1763148745000 0.73764 86
1763148840843 0.75 87
1763148960601 0.7381 88
1763149067733 0.74603 89
1763149179112 0.73016 90
1763149293901 0.76802 91
1763149394323 0.7381 92
1763149519189 0.76412 93
1763149614623 0.7619 94
1763149743998 0.77381 95
1763149841420 0.75397 96
1763149960230 0.74963 97
1763150067148 0.74206 98
1763150175633 0.76984 99
1763150293361 0.73016 100
1763150392186 0.74206 101
1763150520811 0.78571 102
1763150616768 0.72619 103
1763150742000 0.77381 104
1763150842484 0.75 105
1763150956644 0.77465 106
1763151069279 0.76984 107
1763151173368 0.72619 108
1763151294596 0.78175 109
1763151412884 0.75397 110
1763151552215 0.74603 111
1763151661157 0.71429 112
1763151813172 0.75397 113
1763151920823 0.78362 114
1763152048420 0.76587 115
1763152147972 0.77015 116
1763152264554 0.76995 117
1763152374682 0.77867 118
1763152483751 0.78571 119
1763152602451 0.77879 120
1763152700111 0.78246 121
1763152829375 0.77778 122
1763152925467 0.75834 123
1763153051276 0.7619 124
1763153151985 0.76587 125
1763153269333 0.79762 126
1763153379227 0.77381 127
1763153484134 0.77778 128
1763153605142 0.78968 129
1763153700844 0.80159 130
1763153831722 0.78968 131
1763153927509 0.75794 132
1763154052040 0.77357 133
1763154156049 0.77857 134
1763154267797 0.76587 135
1763154381868 0.77417 136
1763154482551 0.79365 137
1763154609098 0.79365 138
1763154704697 0.75794 139
1763154833190 0.76014 140
1763154931037 0.78175 141
1763155059301 0.79762 142
1763155179670 0.77778 143
1763155302775 0.79762 144
1763155432685 0.80159 145
1763155548496 0.78968 146
1763155684721 0.78968 147
1763155791899 0.82143 148
1763155936007 0.81349 149
1763156040842 0.80556 150
1763156183381 0.75794 151
1763156292411 0.78571 152
1763156427106 0.8127 153
1763156543394 0.80556 154
1763156669723 0.80556 155
1763156794122 0.81746 156
1763156913896 0.78571 157
1763157047406 0.78571 158
1763157154612 0.7859 159
1763157279272 0.78571 160
1763157374817 0.78175 161
1763157501701 0.77778 162
1763157599858 0.79696 163
1763157720677 0.80739 164
1763157827718 0.80008 165
1763157936791 0.79762 166
1763158053813 0.77889 167
1763158151069 0.76117 168
1763158279372 0.77914 169
1763158374524 0.78571 170
1763158502270 0.78571 171
1763158601746 0.78398 172
1763158717895 0.80556 173
1763158828361 0.78175 174
1763158933514 0.78571 175
1763159053994 0.79762 176
1763159149026 0.79044 177
1763159278163 0.77778 178
1763159373130 0.76587 179
1763159496978 0.77946 180
1763159597204 0.79762 181
1763159709806 0.78175 182
1763159820305 0.80556 183
1763159923872 0.80881 184
1763160045432 0.78968 185
1763160140223 0.80588 186
1763160268494 0.81663 187
1763160363559 0.80159 188
1763160482132 0.79221 189
1763160588426 0.79365 190
1763160697919 0.78571 191
1763160812054 0.81349 192
1763160910990 0.78175 193
1763161036573 0.77568 194
1763161131807 0.77377 195
1763161257450 0.77369 196
1763161357784 0.78175 197
1763161474926 0.79762 198
1763161582000 0.79762 199
1763161688785 0.78968 200
1763161805771 0.82143 201
1763161903204 0.81746 202
1763162035388 0.80556 203
1763162131066 0.80556 204
1763162254918 0.81274 205
1763162354268 0.78175 206
1763162467473 0.81391 207
1763162578405 0.81746 208
1763162682103 0.8254 209
1763162804130 0.81727 210
1763162900184 0.81746 211
1763163030508 0.81349 212
1763163127317 0.81349 213
1763163252159 0.80159 214
1763163355970 0.80159 215
1763163496064 0.80556 216
1763163620283 0.79883 217
1763163769074 0.80194 218
1763163907188 0.8007 219
1763164051763 0.79847 220
1763164194159 0.81746 221
1763164319542 0.80952 222
1763164451119 0.81349 223
1763164568531 0.80952 224
1763164702887 0.81746 225
1763164809311 0.82656 226
1763164952909 0.82937 227
1763165057966 0.84127 228
1763165202208 0.82143 229
1763165307439 0.81349 230
1763165443791 0.82937 231
1763165557676 0.82205 232
1763165685766 0.82117 233
1763165801297 0.82937 234
1763165904590 0.82143 235
1763166025669 0.8235 236
1763166121299 0.82937 237
1763166251061 0.82143 238
1763166346272 0.82937 239
1763166467298 0.8254 240
1763166569963 0.8254 241
1763166684751 0.82143 242
1763166795976 0.82454 243
1763166899229 0.82674 244
1763167022434 0.82937 245
1763167122460 0.82143 246
1763167251829 0.83127 247
1763167347094 0.83133 248
1763167470837 0.83192 249
1763167572899 0.83333 250
1763167685301 0.83401 251
1763167797665 0.83121 252
1763167899239 0.82118 253
1763168021427 0.82143 254
1763168116286 0.82937 255
1763168247207 0.82937 256
1763168342408 0.83145 257
1763168461984 0.82584 258
1763168566122 0.82578 259
1763168675181 0.8254 260
1763168790387 0.82143 261
1763168891801 0.82143 262
1763169016259 0.82143 263
1763169111300 0.81231 264
1763169238088 0.81349 265
1763169335644 0.80952 266
1763169453335 0.80556 267
1763169561197 0.80159 268
1763169668059 0.80159 269
1763169785399 0.80159 270
1763169881208 0.80159 271
1763170009389 0.80159 272
1763170104408 0.82143 273
1763170227528 0.81746 274
1763170328887 0.79285 275
1763170444192 0.78968 276
1763170553071 0.7867 277
1763170657186 0.80755 278
1763170777549 0.80568 279
1763170872670 0.78467 280
1763171003486 0.78571 281
1763171098850 0.78571 282
1763171221101 0.78571 283
1763171323228 0.78571 284
1763171434636 0.78571 285
1763171547027 0.78571 286
1763171650607 0.78175 287
1763171772111 0.78303 288
1763171866975 0.78523 289
1763171995729 0.78571 290
1763172091005 0.78571 291
1763172209229 0.78484 292
1763172324967 0.78793 293
1763172452832 0.78736 294
1763172575840 0.78537 295
1763172693484 0.78968 296
1763172823792 0.79365 297
1763172933848 0.79714 298
1763173073615 0.79762 299
1763173178839 0.80159 300
1763173322890 0.80159 301
1763173427439 0.80159 302
1763173562878 0.80159 303
1763173677988 0.79762 304
1763173804777 0.79664 305
1763173926626 0.80287 306
1763174049013 0.80282 307
1763174176559 0.79906 308
1763174289191 0.79871 309
1763174418970 0.79762 310
1763174513660 0.80159 311
1763174640996 0.79762 312
1763174739352 0.79762 313
1763174858135 0.79762 314
1763174971289 0.8004 315
1763175088295 0.80006 316
1763175200487 0.79392 317
1763175301836 0.80057 318
1763175425477 0.79937 319
1763175522560 0.80159 320
1763175652151 0.80159 321
1763175749007 0.80812 322
1763175867898 0.80747 323
1763175974122 0.80748 324
1763176081427 0.80761 325
1763176199683 0.806 326
1763176296577 0.80556 327
1763176424326 0.80556 328
1763176519595 0.80556 329
1763176642650 0.80952 330
1763176742348 0.80952 331
1763176854653 0.81095 332
1763176966593 0.81223 333
1763177071433 0.80159 334
1763177190764 0.81349 335
1763177285577 0.80159 336
1763177414232 0.80159 337
1763177509011 0.80159 338
1763177632826 0.80159 339
1763177734432 0.80159 340
1763177845978 0.80944 341
1763177958064 0.81349 342
1763178059816 0.81257 343
1763178182679 0.81227 344
1763178277485 0.80952 345
1763178407665 0.80952 346
1763178502805 0.80952 347
1763178621120 0.80952 348
1763178726344 0.80952 349
1763178836494 0.80952 350
1763178952513 0.80556 351
1763179054217 0.80556 352
1763179179646 0.80556 353
1763179275552 0.80556 354
1763179403174 0.80556 355
1763179502908 0.80556 356
1763179618450 0.80556 357
1763179727637 0.80556 358
1763179833112 0.80952 359
1763179951040 0.80556 360
1763180046136 0.80556 361
1763180176176 0.80556 362
1763180271232 0.80952 363
1763180393663 0.80952 364
1763180495803 0.80556 365
1763180610267 0.80556 366
1763180722151 0.80556 367
1763180825131 0.80952 368
1763180962104 0.80952 369
1763181067528 0.8082 370
1763181215674 0.80724 371
1763181320342 0.80707 372
1763181461120 0.80322 373
1763181571177 0.80159 374
1763181702811 0.79762 375
1763181821317 0.80159 376
1763181945026 0.80556 377
1763182072507 0.79762 378
1763182187655 0.80159 379
1763182322476 0.80159 380
1763182428302 0.80159 381
1763182572763 0.80159 382
1763182677135 0.80556 383
1763182818437 0.80159 384
1763182930205 0.80159 385
1763183055369 0.80159 386
1763183160994 0.80159 387
1763183269418 0.80159 388
1763183385980 0.80163 389
1763183483286 0.80215 390
1763183612054 0.8024 391
1763183706970 0.80239 392
1763183831667 0.79847 393
1763183931207 0.798 394
1763184047403 0.79762 395
1763184156566 0.79675 396
1763184263071 0.79694 397
1763184382056 0.79716 398
1763184477379 0.79735 399
1763184607983 0.79762 400
1763184703139 0.79762 401
1763184824492 0.79762 402
1763184927672 0.79762 403
1763185041206 0.79762 404
1763185153410 0.79762 405
1763185253802 0.79762 406
1763185378062 0.79762 407
1763185473261 0.79762 408
1763185601155 0.79762 409
1763185700020 0.79762 410
1763185817804 0.79762 411
1763185924595 0.79939 412
1763186031781 0.79875 413
1763186149171 0.79969 414
1763186245506 0.80035 415
1763186374835 0.80101 416
1763186470423 0.80218 417
1763186594272 0.80277 418
1763186694244 0.80306 419
1763186807045 0.80399 420
1763186918242 0.80859 421
1763187023073 0.80948 422
1763187143798 0.80952 423
1763187238347 0.80952 424
1763187367553 0.80942 425
1763187462573 0.80952 426
1763187582626 0.80952 427
1763187686401 0.80952 428
1763187797058 0.80952 429
1763187911075 0.80952 430
1763188009143 0.80952 431
1763188135735 0.80952 432
1763188230738 0.80952 433
1763188354795 0.80556 434
1763188456163 0.80556 435
1763188571472 0.80556 436
1763188681597 0.80556 437
1763188785467 0.80556 438
1763188906082 0.80952 439
1763189001055 0.80952 440
1763189131111 0.80952 441
1763189227584 0.80952 442
1763189348848 0.80556 443
1763189451717 0.80333 444
1763189575065 0.80155 445
1763189701155 0.80148 446
1763189817631 0.80532 447
1763189949980 0.80544 448
1763190060668 0.80952 449
1763190199876 0.81349 450
1763190305134 0.81349 451
1763190448764 0.81329 452
1763190554061 0.81287 453
1763190689654 0.81275 454
1763190805605 0.81282 455
1763190934413 0.81263 456
1763191055397 0.81245 457
1763191175291 0.81185 458
1763191304878 0.81349 459
1763191415630 0.81339 460
1763191553909 0.81331 461
1763191656104 0.81185 462
1763191785716 0.81244 463
1763191881043 0.81218 464
1763192001106 0.80952 465
1763192106217 0.80952 466
1763192216097 0.81349 467
1763192332479 0.81349 468
1763192432570 0.81808 469
1763192558087 0.81888 470
1763192652923 0.81746 471
1763192777357 0.81746 472
1763192875416 0.81737 473
1763192994310 0.82143 474
1763193101226 0.82354 475
1763193209244 0.82351 476
1763193326442 0.81955 477
1763193422745 0.81958 478
1763193550801 0.81964 479
1763193647630 0.81966 480
1763193775421 0.81962 481
1763193875840 0.81969 482
1763193990060 0.81971 483
1763194099422 0.8237 484
1763194203336 0.82143 485
1763194322281 0.82143 486
1763194418491 0.82143 487
1763194547476 0.82143 488
1763194642755 0.82143 489
1763194749940 0.8254 490
1763194830035 0.82569 491
1763194918818 0.8268 492
1763195008278 0.82717 493
1763195022918 0.7987206237492607 493
