1763138232071 2.25334 0
1763138372745 2.05966 1
1763138504838 2.22318 2
1763138653460 2.36516 3
1763138781848 2.29569 4
1763138933656 2.25424 5
1763139054611 2.17833 6
1763139208449 2.15552 7
1763139323684 2.11961 8
1763139483431 2.08175 9
1763139597477 2.04366 10
1763139756283 2.03832 11
1763139874947 2.03583 12
1763140010034 2.01067 13
1763140119062 1.98501 14
1763140244270 1.95935 15
1763140361654 1.96322 16
1763140476188 1.92419 17
1763140606608 1.91158 18
1763140710574 1.92158 19
1763140847893 1.8698 20
1763140949244 1.8848 21
1763141085738 1.84889 22
1763141191059 1.83833 23
1763141323276 1.81967 24
1763141435402 1.823 25
1763141555468 1.7996 26
1763141676160 1.78777 27
1763141789052 1.80259 28
1763141920233 1.75455 29
1763142021883 1.76012 30
1763142162874 1.71884 31
1763142266182 1.71578 32
1763142403576 1.72146 33
1763142508008 1.69436 34
1763142636170 1.68259 35
1763142751553 1.70923 36
1763142873138 1.67675 37
1763142995188 1.66122 38
1763143105512 1.6716 39
1763143239111 1.66924 40
1763143343170 1.62676 41
1763143486637 1.60927 42
1763143587592 1.64611 43
1763143725809 1.61434 44
1763143831910 1.60369 45
1763143958588 1.57916 46
1763144073592 1.61088 47
1763144192444 1.58415 48
1763144316348 1.56623 49
1763144426817 1.55387 50
1763144560129 1.55536 51
1763144662838 1.53515 52
1763144803909 1.53816 53
1763144905054 1.50934 54
1763145040486 1.52182 55
1763145143258 1.51657 56
1763145258996 1.52074 57
1763145370041 1.5208 58
1763145474850 1.50684 59
1763145596737 1.47426 60
1763145693175 1.47354 61
1763145826151 1.47173 62
1763145922206 1.43628 63
1763146047661 1.4516 64
1763146150129 1.44792 65
1763146265753 1.41981 66
1763146381971 1.44002 67
1763146503365 1.41732 68
1763146636454 1.4268 69
1763146752097 1.40816 70
1763146891866 1.41079 71
1763146998241 1.38771 72
1763147146293 1.40542 73
1763147252603 1.38798 74
1763147394471 1.38511 75
1763147506034 1.38605 76
1763147641574 1.36277 77
1763147758424 1.35862 78
1763147887420 1.37046 79
1763148011451 1.35199 80
1763148132001 1.35993 81
1763148264453 1.33306 82
1763148378992 1.32873 83
1763148514806 1.33861 84
1763148610643 1.3123 85
1763148739436 1.33506 86
1763148836792 1.31396 87
1763148955761 1.31192 88
1763149063700 1.30029 89
1763149173673 1.30712 90
1763149289628 1.30668 91
1763149388736 1.27217 92
1763149515158 1.29072 93
1763149610551 1.25849 94
1763149738688 1.28572 95
1763149837355 1.25258 96
1763149954646 1.25713 97
1763150062859 1.2604 98
1763150170085 1.24235 99
1763150289267 1.24688 100
1763150386259 1.2237 101
1763150516656 1.24002 102
1763150612701 1.22493 103
1763150735867 1.24202 104
1763150838346 1.22399 105
1763150951028 1.20531 106
1763151064974 1.20917 107
1763151167989 1.19368 108
1763151290144 1.1873 109
1763151405853 1.1991 110
1763151547349 1.20229 111
1763151656469 1.17698 112
1763151804396 1.19526 113
1763151916314 1.17586 114
1763152043473 1.16541 115
1763152143868 1.18754 116
1763152258863 1.15852 117
1763152370608 1.15682 118
1763152474684 1.15854 119
1763152598329 1.15123 120
1763152694509 1.15582 121
1763152825251 1.12929 122
1763152921273 1.15265 123
1763153045187 1.14071 124
1763153147839 1.15053 125
1763153263653 1.13521 126
1763153375180 1.11519 127
1763153478915 1.1321 128
1763153601017 1.11637 129
1763153696795 1.11196 130
1763153827306 1.10317 131
1763153923222 1.10162 132
1763154046222 1.09549 133
1763154151832 1.08112 134
1763154262202 1.08637 135
1763154377674 1.09769 136
1763154476793 1.09869 137
1763154603432 1.08927 138
1763154700509 1.07394 139
1763154828044 1.07178 140
1763154926975 1.07631 141
1763155053513 1.07366 142
1763155175093 1.04248 143
1763155296778 1.05161 144
1763155426361 1.06487 145
1763155542333 1.03434 146
1763155680254 1.07431 147
1763155785532 1.03274 148
1763155931542 1.01953 149
1763156036228 1.05277 150
1763156175258 1.03742 151
1763156287970 1.04563 152
1763156420923 1.03296 153
1763156538919 1.03006 154
1763156663811 1.01825 155
1763156789649 1.0165 156
1763156907197 1.00898 157
1763157042588 1.00811 158
1763157149227 1.01968 159
1763157275239 1.02416 160
1763157370805 0.99502 161
1763157496786 0.98823 162
1763157595610 0.99214 163
1763157713144 0.99371 164
1763157823450 1.00729 165
1763157931582 0.97627 166
1763158049786 0.97255 167
1763158145272 0.98419 168
1763158275324 0.96673 169
1763158370476 0.99491 170
1763158497125 0.96933 171
1763158597624 0.97861 172
1763158712058 0.98681 173
1763158824172 0.9579 174
1763158927874 0.96822 175
1763159049923 0.97243 176
1763159144986 0.96294 177
1763159274050 0.9465 178
1763159368915 0.94929 179
1763159491612 0.94343 180
1763159593189 0.94576 181
1763159704686 0.93988 182
1763159816265 0.96421 183
1763159918154 0.92101 184
1763160041355 0.95157 185
1763160136229 0.94149 186
1763160262394 0.92344 187
1763160359414 0.93869 188
1763160477205 0.90886 189
1763160582843 0.91596 190
1763160692476 0.9227 191
1763160807843 0.9294 192
1763160905411 0.91258 193
1763161032405 0.90218 194
1763161127649 0.90405 195
1763161252563 0.89775 196
1763161353476 0.90436 197
1763161469122 0.88269 198
1763161577900 0.9112 199
1763161683180 0.8885 200
1763161801664 0.89307 201
1763161897490 0.88664 202
1763162029823 0.88853 203
1763162127023 0.8792 204
1763162248986 0.88428 205
1763162350234 0.88343 206
1763162461917 0.88285 207
1763162574255 0.86552 208
1763162676591 0.87405 209
1763162800093 0.87138 210
1763162895919 0.86658 211
1763163026328 0.86046 212
1763163122913 0.85777 213
1763163247014 0.87447 214
1763163351541 0.84807 215
1763163490171 0.86026 216
1763163615273 0.83974 217
1763163763101 0.86023 218
1763163902188 0.8474 219
1763164045322 0.84805 220
1763164189483 0.82575 221
1763164313330 0.82186 222
1763164446669 0.84392 223
1763164562452 0.83528 224
1763164698267 0.82216 225
1763164802571 0.80996 226
1763164948428 0.82706 227
1763165053100 0.82348 228
1763165193209 0.81189 229
1763165302916 0.80627 230
1763165437669 0.81224 231
1763165553041 0.80279 232
1763165679739 0.81411 233
1763165797309 0.81814 234
1763165898869 0.80526 235
1763166021634 0.8138 236
1763166117084 0.81066 237
1763166246917 0.80106 238
1763166342153 0.79044 239
1763166462071 0.80243 240
1763166565692 0.79671 241
1763166676440 0.78655 242
1763166791460 0.77081 243
1763166893541 0.78494 244
1763167017873 0.7742 245
1763167118222 0.78424 246
1763167247779 0.77003 247
1763167342940 0.76946 248
1763167465885 0.76591 249
1763167568841 0.78292 250
1763167680130 0.75852 251
1763167793612 0.77709 252
1763167894045 0.76192 253
1763168017452 0.76583 254
1763168112269 0.76131 255
1763168242384 0.76584 256
1763168338202 0.75273 257
1763168456758 0.75986 258
1763168562112 0.74315 259
1763168669782 0.74734 260
1763168786338 0.76402 261
1763168886284 0.74178 262
1763169012177 0.74356 263
1763169107251 0.75441 264
1763169232865 0.74382 265
1763169331640 0.74717 266
1763169447896 0.73428 267
1763169556980 0.7289 268
1763169662335 0.73156 269
1763169781127 0.73041 270
1763169876319 0.73707 271
1763170005429 0.72432 272
1763170100355 0.73488 273
1763170222117 0.72512 274
1763170324847 0.73008 275
1763170438629 0.72177 276
1763170548873 0.71845 277
1763170651958 0.71283 278
1763170773568 0.70465 279
1763170868634 0.71104 280
1763170999459 0.70766 281
1763171094810 0.68667 282
1763171215772 0.70681 283
1763171319180 0.69423 284
1763171429092 0.71142 285
1763171542842 0.69698 286
1763171641938 0.70608 287
1763171768099 0.68629 288
1763171862905 0.69241 289
1763171990454 0.69025 290
1763172087000 0.70078 291
1763172204475 0.67346 292
1763172320580 0.6806 293
1763172446790 0.69045 294
1763172571109 0.66766 295
1763172686983 0.68631 296
1763172819109 0.66873 297
1763172927877 0.68207 298
1763173069165 0.6715 299
1763173172799 0.66599 300
1763173316537 0.66476 301
1763173423056 0.67077 302
1763173556481 0.66556 303
1763173673308 0.68018 304
1763173799013 0.66502 305
1763173921964 0.66135 306
1763174042985 0.65269 307
1763174172141 0.64727 308
1763174282817 0.6516 309
1763174414806 0.64343 310
1763174509620 0.64915 311
1763174635623 0.63715 312
1763174735347 0.641 313
1763174852845 0.65112 314
1763174966594 0.63015 315
1763175082629 0.62979 316
1763175196379 0.64048 317
1763175296421 0.64042 318
1763175421423 0.63207 319
1763175518597 0.64227 320
1763175646689 0.61875 321
1763175744986 0.6385 322
1763175862575 0.63519 323
1763175970108 0.63092 324
1763176075666 0.62132 325
1763176194193 0.6225 326
1763176290932 0.61761 327
1763176420303 0.61727 328
1763176515626 0.61329 329
1763176637099 0.62218 330
1763176738251 0.6176 331
1763176849272 0.60366 332
1763176962561 0.6159 333
1763177066027 0.60295 334
1763177186417 0.59655 335
1763177281551 0.6062 336
1763177410079 0.60634 337
1763177504801 0.6136 338
1763177624859 0.59755 339
1763177730333 0.59993 340
1763177840719 0.60143 341
1763177954008 0.59821 342
1763178054193 0.5788 343
1763178178557 0.59416 344
1763178273481 0.60077 345
1763178402186 0.58321 346
1763178498652 0.58138 347
1763178616114 0.58798 348
1763178722124 0.5723 349
1763178830853 0.57955 350
1763178948335 0.5919 351
1763179044769 0.57208 352
1763179175474 0.57303 353
1763179271376 0.57032 354
1763179398124 0.57798 355
1763179498727 0.5666 356
1763179612657 0.57487 357
1763179722125 0.57215 358
1763179827551 0.56522 359
1763179947017 0.56195 360
1763180042031 0.56905 361
1763180172139 0.58664 362
1763180267269 0.55428 363
1763180388651 0.55337 364
1763180491597 0.55589 365
1763180604513 0.55686 366
1763180718094 0.55174 367
1763180819334 0.54901 368
1763180957539 0.55081 369
1763181062595 0.55107 370
1763181209556 0.55815 371
1763181315776 0.54926 372
1763181454988 0.54839 373
1763181566363 0.5485 374
1763181696744 0.54499 375
1763181816857 0.54111 376
1763181939086 0.54683 377
1763182066301 0.54318 378
1763182181581 0.53808 379
1763182317876 0.53698 380
1763182422679 0.53699 381
1763182568359 0.53756 382
1763182672755 0.53287 383
1763182812480 0.5313 384
1763182925479 0.545 385
1763183050563 0.53068 386
1763183156796 0.52947 387
1763183264065 0.53329 388
1763183381810 0.52228 389
1763183477290 0.52789 390
1763183607969 0.53335 391
1763183702993 0.52046 392
1763183826193 0.5272 393
1763183926953 0.51964 394
1763184041890 0.51678 395
1763184152540 0.51465 396
1763184257636 0.5166 397
1763184378011 0.50921 398
1763184473231 0.51919 399
1763184603796 0.50396 400
1763184698905 0.51787 401
1763184818724 0.51646 402
1763184923651 0.50488 403
1763185035930 0.50078 404
1763185149201 0.50529 405
1763185248597 0.49688 406
1763185373784 0.49589 407
1763185469252 0.49012 408
1763185595906 0.50032 409
1763185695961 0.50324 410
1763185812340 0.50973 411
1763185920364 0.50022 412
1763186026230 0.49029 413
1763186145189 0.50086 414
1763186239972 0.49487 415
1763186370767 0.49176 416
1763186466347 0.50516 417
1763186588633 0.50638 418
1763186690238 0.49821 419
1763186801888 0.50151 420
1763186914099 0.51153 421
1763187014520 0.47901 422
1763187139458 0.49183 423
1763187234324 0.49438 424
1763187363266 0.49024 425
1763187458538 0.48032 426
1763187576909 0.4785 427
1763187682364 0.48303 428
1763187791602 0.47371 429
1763187907062 0.4898 430
1763188003716 0.47898 431
1763188131616 0.47692 432
1763188226607 0.50099 433
1763188349384 0.47734 434
1763188450593 0.48423 435
1763188565840 0.48549 436
1763188677544 0.47501 437
1763188779824 0.47347 438
1763188901948 0.46927 439
1763188996997 0.47296 440
1763189126579 0.47155 441
1763189221979 0.46654 442
1763189343343 0.47183 443
1763189447579 0.48616 444
1763189569243 0.46551 445
1763189695952 0.47575 446
1763189811575 0.47593 447
1763189945365 0.453 448
1763190054245 0.47324 449
1763190195459 0.47243 450
1763190300375 0.46352 451
1763190442415 0.46845 452
1763190549408 0.46387 453
1763190683330 0.46782 454
1763190799338 0.46344 455
1763190928204 0.46751 456
1763191050972 0.46932 457
1763191169541 0.46876 458
1763191300459 0.46806 459
1763191409833 0.46624 460
1763191549453 0.46416 461
1763191651896 0.464 462
1763191780942 0.46793 463
1763191876999 0.45523 464
1763191995898 0.45684 465
1763192102100 0.45816 466
1763192210601 0.46645 467
1763192326987 0.46363 468
1763192426900 0.45366 469
1763192554036 0.46655 470
1763192648770 0.46157 471
1763192772513 0.45853 472
1763192871415 0.4554 473
1763192985782 0.45924 474
1763193097165 0.45377 475
1763193203780 0.45253 476
1763193322442 0.45911 477
1763193417383 0.46187 478
1763193546792 0.44361 479
1763193643605 0.45626 480
1763193769971 0.44872 481
1763193871449 0.45591 482
1763193984461 0.45349 483
1763194095184 0.45185 484
1763194198100 0.45585 485
1763194318234 0.45114 486
1763194413048 0.44705 487
1763194543457 0.45859 488
1763194638701 0.45421 489
1763194744367 0.41151 490
1763194825906 0.39259 491
1763194913761 0.38919 492
1763195004360 0.38316 493
