1763138232071 3.04049 0
1763138372745 1.98604 1
1763138504838 2.21189 2
1763138653460 2.48212 3
1763138781848 2.37591 4
1763138933656 2.28325 5
1763139054611 2.15755 6
1763139208449 2.15998 7
1763139323684 2.06678 8
1763139483431 1.94734 9
1763139597477 1.94398 10
1763139756283 1.91542 11
1763139874947 1.90439 12
1763140010034 1.82895 13
1763140119062 1.78071 14
1763140244270 1.75049 15
1763140361654 1.74669 16
1763140476188 1.67552 17
1763140606608 1.65426 18
1763140710574 1.6621 19
1763140847893 1.61327 20
1763140949244 1.61149 21
1763141085738 1.58516 22
1763141191059 1.53663 23
1763141323276 1.51523 24
1763141435402 1.46665 25
1763141555468 1.46013 26
1763141676160 1.45491 27
1763141789052 1.43098 28
1763141920233 1.40024 29
1763142021883 1.38692 30
1763142162874 1.35642 31
1763142266182 1.35862 32
1763142403576 1.33023 33
1763142508008 1.34284 34
1763142636170 1.30849 35
1763142751553 1.32416 36
1763142873138 1.27938 37
1763142995188 1.27422 38
1763143105512 1.25643 39
1763143239111 1.24751 40
1763143343170 1.22617 41
1763143486637 1.1998 42
1763143587592 1.2225 43
1763143725809 1.19191 44
1763143831910 1.18103 45
1763143958588 1.17163 46
1763144073592 1.18032 47
1763144192444 1.13648 48
1763144316348 1.13184 49
1763144426817 1.10744 50
1763144560129 1.1173 51
1763144662838 1.09263 52
1763144803909 1.11161 53
1763144905054 1.1003 54
1763145040486 1.07867 55
1763145143258 1.07984 56
1763145258996 1.06452 57
1763145370041 1.06047 58
1763145474850 1.05892 59
1763145596737 1.03219 60
1763145693175 1.04096 61
1763145826151 1.01748 62
1763145922206 1.00423 63
1763146047661 0.98828 64
1763146150129 1.00814 65
1763146265753 0.95538 66
1763146381971 0.98049 67
1763146503365 0.96772 68
1763146636454 0.9849 69
1763146752097 0.95455 70
1763146891866 0.97397 71
1763146998241 0.9202 72
1763147146293 0.94739 73
1763147252603 0.93944 74
1763147394471 0.93993 75
1763147506034 0.91923 76
1763147641574 0.92372 77
1763147758424 0.91163 78
1763147887420 0.91553 79
1763148011451 0.91402 80
1763148132001 0.91338 81
1763148264453 0.90136 82
1763148378992 0.88286 83
1763148514806 0.87646 84
1763148610643 0.86947 85
1763148739436 0.87802 86
1763148836792 0.86761 87
1763148955761 0.86451 88
1763149063700 0.86072 89
1763149173673 0.8556 90
1763149289628 0.83995 91
1763149388736 0.84545 92
1763149515158 0.83664 93
1763149610551 0.80649 94
1763149738688 0.84284 95
1763149837355 0.81257 96
1763149954646 0.79899 97
1763150062859 0.80789 98
1763150170085 0.79117 99
1763150289267 0.78513 100
1763150386259 0.78138 101
1763150516656 0.79821 102
1763150612701 0.78977 103
1763150735867 0.8025 104
1763150838346 0.78676 105
1763150951028 0.77372 106
1763151064974 0.76771 107
1763151167989 0.76619 108
1763151290144 0.75347 109
1763151405853 0.76937 110
1763151547349 0.75794 111
1763151656469 0.77287 112
1763151804396 0.75017 113
1763151916314 0.73491 114
1763152043473 0.74234 115
1763152143868 0.75006 116
1763152258863 0.72358 117
1763152370608 0.73504 118
1763152474684 0.74127 119
1763152598329 0.72982 120
1763152694509 0.73194 121
1763152825251 0.70628 122
1763152921273 0.71731 123
1763153045187 0.71493 124
1763153147839 0.72514 125
1763153263653 0.69866 126
1763153375180 0.69192 127
1763153478915 0.69852 128
1763153601017 0.69503 129
1763153696795 0.698 130
1763153827306 0.68789 131
1763153923222 0.68645 132
1763154046222 0.67756 133
1763154151832 0.67939 134
1763154262202 0.66641 135
1763154377674 0.6676 136
1763154476793 0.69441 137
1763154603432 0.66977 138
1763154700509 0.67721 139
1763154828044 0.66859 140
1763154926975 0.65505 141
1763155053513 0.65712 142
1763155175093 0.649 143
1763155296778 0.64428 144
1763155426361 0.65222 145
1763155542333 0.63137 146
1763155680254 0.66132 147
1763155785532 0.64741 148
1763155931542 0.6408 149
1763156036228 0.65175 150
1763156175258 0.63958 151
1763156287970 0.64188 152
1763156420923 0.6269 153
1763156538919 0.63092 154
1763156663811 0.62729 155
1763156789649 0.6268 156
1763156907197 0.61189 157
1763157042588 0.61373 158
1763157149227 0.62221 159
1763157275239 0.63172 160
1763157370805 0.60778 161
1763157496786 0.59894 162
1763157595610 0.59477 163
1763157713144 0.59452 164
1763157823450 0.6212 165
1763157931582 0.59514 166
1763158049786 0.58836 167
1763158145272 0.59801 168
1763158275324 0.58904 169
1763158370476 0.61283 170
1763158497125 0.59023 171
1763158597624 0.58795 172
1763158712058 0.60584 173
1763158824172 0.5807 174
1763158927874 0.58173 175
1763159049923 0.58655 176
1763159144986 0.58924 177
1763159274050 0.58461 178
1763159368915 0.60082 179
1763159491612 0.56601 180
1763159593189 0.58218 181
1763159704686 0.56986 182
1763159816265 0.58868 183
1763159918154 0.57543 184
1763160041355 0.60266 185
1763160136229 0.5703 186
1763160262394 0.5512 187
1763160359414 0.5648 188
1763160477205 0.54856 189
1763160582843 0.55524 190
1763160692476 0.55272 191
1763160807843 0.56008 192
1763160905411 0.55027 193
1763161032405 0.54869 194
1763161127649 0.554 195
1763161252563 0.53946 196
1763161353476 0.54583 197
1763161469122 0.53298 198
1763161577900 0.54407 199
1763161683180 0.53853 200
1763161801664 0.54106 201
1763161897490 0.53743 202
1763162029823 0.52618 203
1763162127023 0.51992 204
1763162248986 0.52524 205
1763162350234 0.53425 206
1763162461917 0.54946 207
1763162574255 0.51908 208
1763162676591 0.53536 209
1763162800093 0.51812 210
1763162895919 0.51916 211
1763163026328 0.52305 212
1763163122913 0.51748 213
1763163247014 0.51914 214
1763163351541 0.50265 215
1763163490171 0.50855 216
1763163615273 0.50098 217
1763163763101 0.50587 218
1763163902188 0.51213 219
1763164045322 0.50535 220
1763164189483 0.49515 221
1763164313330 0.49009 222
1763164446669 0.50254 223
1763164562452 0.50032 224
1763164698267 0.48943 225
1763164802571 0.48592 226
1763164948428 0.48341 227
1763165053100 0.49826 228
1763165193209 0.48907 229
1763165302916 0.48388 230
1763165437669 0.48423 231
1763165553041 0.48455 232
1763165679739 0.49922 233
1763165797309 0.49164 234
1763165898869 0.48356 235
1763166021634 0.47932 236
1763166117084 0.47822 237
1763166246917 0.47783 238
1763166342153 0.4785 239
1763166462071 0.48935 240
1763166565692 0.47839 241
1763166676440 0.47319 242
1763166791460 0.45932 243
1763166893541 0.47043 244
1763167017873 0.46028 245
1763167118222 0.47004 246
1763167247779 0.47044 247
1763167342940 0.45687 248
1763167465885 0.45675 249
1763167568841 0.46634 250
1763167680130 0.44841 251
1763167793612 0.46087 252
1763167894045 0.45933 253
1763168017452 0.44976 254
1763168112269 0.44788 255
1763168242384 0.47073 256
1763168338202 0.45861 257
1763168456758 0.45089 258
1763168562112 0.44326 259
1763168669782 0.43931 260
1763168786338 0.44724 261
1763168886284 0.445 262
1763169012177 0.44049 263
1763169107251 0.44917 264
1763169232865 0.44712 265
1763169331640 0.45017 266
1763169447896 0.43413 267
1763169556980 0.43368 268
1763169662335 0.43576 269
1763169781127 0.43239 270
1763169876319 0.43929 271
1763170005429 0.46649 272
1763170100355 0.44162 273
1763170222117 0.43484 274
1763170324847 0.43242 275
1763170438629 0.43292 276
1763170548873 0.42651 277
1763170651958 0.41806 278
1763170773568 0.42441 279
1763170868634 0.42556 280
1763170999459 0.41547 281
1763171094810 0.40945 282
1763171215772 0.42005 283
1763171319180 0.42109 284
1763171429092 0.42886 285
1763171542842 0.41052 286
1763171641938 0.41932 287
1763171768099 0.41272 288
1763171862905 0.417 289
1763171990454 0.40852 290
1763172087000 0.41997 291
1763172204475 0.4017 292
1763172320580 0.40617 293
1763172446790 0.41006 294
1763172571109 0.409 295
1763172686983 0.41215 296
1763172819109 0.4088 297
1763172927877 0.4001 298
1763173069165 0.39398 299
1763173172799 0.39696 300
1763173316537 0.42595 301
1763173423056 0.40691 302
1763173556481 0.402 303
1763173673308 0.40843 304
1763173799013 0.40396 305
1763173921964 0.39768 306
1763174042985 0.3883 307
1763174172141 0.37926 308
1763174282817 0.38697 309
1763174414806 0.38058 310
1763174509620 0.3905 311
1763174635623 0.37947 312
1763174735347 0.37913 313
1763174852845 0.38437 314
1763174966594 0.37528 315
1763175082629 0.36998 316
1763175196379 0.37918 317
1763175296421 0.37815 318
1763175421423 0.36926 319
1763175518597 0.39647 320
1763175646689 0.36496 321
1763175744986 0.37275 322
1763175862575 0.37638 323
1763175970108 0.37832 324
1763176075666 0.37153 325
1763176194193 0.37404 326
1763176290932 0.36759 327
1763176420303 0.36965 328
1763176515626 0.36613 329
1763176637099 0.36914 330
1763176738251 0.37143 331
1763176849272 0.35777 332
1763176962561 0.36683 333
1763177066027 0.35975 334
1763177186417 0.35982 335
1763177281551 0.36182 336
1763177410079 0.35538 337
1763177504801 0.36718 338
1763177624859 0.3519 339
1763177730333 0.3539 340
1763177840719 0.35563 341
1763177954008 0.3548 342
1763178054193 0.3643 343
1763178178557 0.35735 344
1763178273481 0.35628 345
1763178402186 0.35274 346
1763178498652 0.34464 347
1763178616114 0.34929 348
1763178722124 0.3408 349
1763178830853 0.34775 350
1763178948335 0.34106 351
1763179044769 0.34073 352
1763179175474 0.34509 353
1763179271376 0.34019 354
1763179398124 0.34544 355
1763179498727 0.3364 356
1763179612657 0.34757 357
1763179722125 0.34296 358
1763179827551 0.33588 359
1763179947017 0.3345 360
1763180042031 0.33495 361
1763180172139 0.35477 362
1763180267269 0.32693 363
1763180388651 0.33052 364
1763180491597 0.32799 365
1763180604513 0.33638 366
1763180718094 0.33006 367
1763180819334 0.32668 368
1763180957539 0.32354 369
1763181062595 0.32668 370
1763181209556 0.33089 371
1763181315776 0.32621 372
1763181454988 0.32205 373
1763181566363 0.32386 374
1763181696744 0.32216 375
1763181816857 0.32387 376
1763181939086 0.33 377
1763182066301 0.32045 378
1763182181581 0.32135 379
1763182317876 0.31984 380
1763182422679 0.32522 381
1763182568359 0.31628 382
1763182672755 0.3183 383
1763182812480 0.31637 384
1763182925479 0.33381 385
1763183050563 0.32039 386
1763183156796 0.32779 387
1763183264065 0.32028 388
1763183381810 0.31573 389
1763183477290 0.31729 390
1763183607969 0.32301 391
1763183702993 0.3129 392
1763183826193 0.3218 393
1763183926953 0.3191 394
1763184041890 0.31178 395
1763184152540 0.30636 396
1763184257636 0.30892 397
1763184378011 0.30468 398
1763184473231 0.31517 399
1763184603796 0.30493 400
1763184698905 0.30955 401
1763184818724 0.31786 402
1763184923651 0.29709 403
1763185035930 0.29959 404
1763185149201 0.30149 405
1763185248597 0.29439 406
1763185373784 0.29973 407
1763185469252 0.29401 408
1763185595906 0.3001 409
1763185695961 0.30096 410
1763185812340 0.3182 411
1763185920364 0.30143 412
1763186026230 0.2912 413
1763186145189 0.29845 414
1763186239972 0.30716 415
1763186370767 0.29573 416
1763186466347 0.3016 417
1763186588633 0.30362 418
1763186690238 0.29542 419
1763186801888 0.31037 420
1763186914099 0.31676 421
1763187014520 0.29682 422
1763187139458 0.29358 423
1763187234324 0.29581 424
1763187363266 0.2936 425
1763187458538 0.28792 426
1763187576909 0.28913 427
1763187682364 0.29328 428
1763187791602 0.28362 429
1763187907062 0.29724 430
1763188003716 0.28789 431
1763188131616 0.28936 432
1763188226607 0.29591 433
1763188349384 0.2872 434
1763188450593 0.28851 435
1763188565840 0.29715 436
1763188677544 0.28443 437
1763188779824 0.28502 438
1763188901948 0.29195 439
1763188996997 0.28618 440
1763189126579 0.28265 441
1763189221979 0.27607 442
1763189343343 0.28003 443
1763189447579 0.28719 444
1763189569243 0.28303 445
1763189695952 0.29224 446
1763189811575 0.29454 447
1763189945365 0.27692 448
1763190054245 0.28546 449
1763190195459 0.29092 450
1763190300375 0.27846 451
1763190442415 0.28013 452
1763190549408 0.29253 453
1763190683330 0.293 454
1763190799338 0.2775 455
1763190928204 0.28423 456
1763191050972 0.27966 457
1763191169541 0.28236 458
1763191300459 0.28321 459
1763191409833 0.28142 460
1763191549453 0.276 461
1763191651896 0.27571 462
1763191780942 0.28294 463
1763191876999 0.27302 464
1763191995898 0.27993 465
1763192102100 0.27539 466
1763192210601 0.27714 467
1763192326987 0.27863 468
1763192426900 0.27264 469
1763192554036 0.28106 470
1763192648770 0.27773 471
1763192772513 0.28187 472
1763192871415 0.27375 473
1763192985782 0.27767 474
1763193097165 0.27045 475
1763193203780 0.26885 476
1763193322442 0.27914 477
1763193417383 0.27971 478
1763193546792 0.27074 479
1763193643605 0.27248 480
1763193769971 0.26954 481
1763193871449 0.27652 482
1763193984461 0.27158 483
1763194095184 0.27166 484
1763194198100 0.27729 485
1763194318234 0.27213 486
1763194413048 0.27032 487
1763194543457 0.28143 488
1763194638701 0.27587 489
1763194744367 0.20608 490
1763194825906 0.20246 491
1763194913761 0.20855 492
1763195004360 0.21821 493
