1763138232071 2.12753 0
1763138372745 1.79607 1
1763138504838 1.96266 2
1763138653460 2.13575 3
1763138781848 2.16846 4
1763138933656 2.11054 5
1763139054611 2.06226 6
1763139208449 2.03585 7
1763139323684 2.01339 8
1763139483431 1.97214 9
1763139597477 1.95462 10
1763139756283 1.95941 11
1763139874947 1.93904 12
1763140010034 1.90749 13
1763140119062 1.85946 14
1763140244270 1.86144 15
1763140361654 1.8579 16
1763140476188 1.85383 17
1763140606608 1.81735 18
1763140710574 1.8329 19
1763140847893 1.78295 20
1763140949244 1.78315 21
1763141085738 1.76987 22
1763141191059 1.75524 23
1763141323276 1.73715 24
1763141435402 1.73246 25
1763141555468 1.71462 26
1763141676160 1.70833 27
1763141789052 1.71478 28
1763141920233 1.67666 29
1763142021883 1.67454 30
1763142162874 1.65258 31
1763142266182 1.65156 32
1763142403576 1.6373 33
1763142508008 1.62356 34
1763142636170 1.62033 35
1763142751553 1.62373 36
1763142873138 1.61034 37
1763142995188 1.60539 38
1763143105512 1.59995 39
1763143239111 1.60134 40
1763143343170 1.56844 41
1763143486637 1.56415 42
1763143587592 1.58374 43
1763143725809 1.56061 44
1763143831910 1.55109 45
1763143958588 1.53081 46
1763144073592 1.55477 47
1763144192444 1.53649 48
1763144316348 1.52399 49
1763144426817 1.50987 50
1763144560129 1.51469 51
1763144662838 1.49264 52
1763144803909 1.49698 53
1763144905054 1.48008 54
1763145040486 1.48629 55
1763145143258 1.49454 56
1763145258996 1.48568 57
1763145370041 1.4786 58
1763145474850 1.47927 59
1763145596737 1.4379 60
1763145693175 1.44117 61
1763145826151 1.44988 62
1763145922206 1.41477 63
1763146047661 1.42774 64
1763146150129 1.42799 65
1763146265753 1.40359 66
1763146381971 1.40528 67
1763146503365 1.39462 68
1763146636454 1.40384 69
1763146752097 1.40163 70
1763146891866 1.39765 71
1763146998241 1.37139 72
1763147146293 1.40618 73
1763147252603 1.38522 74
1763147394471 1.3798 75
1763147506034 1.37565 76
1763147641574 1.36142 77
1763147758424 1.35084 78
1763147887420 1.36578 79
1763148011451 1.35944 80
1763148132001 1.35394 81
1763148264453 1.33956 82
1763148378992 1.33615 83
1763148514806 1.34782 84
1763148610643 1.32031 85
1763148739436 1.33475 86
1763148836792 1.3188 87
1763148955761 1.32084 88
1763149063700 1.3097 89
1763149173673 1.31274 90
1763149289628 1.3085 91
1763149388736 1.30148 92
1763149515158 1.30141 93
1763149610551 1.28691 94
1763149738688 1.2941 95
1763149837355 1.28747 96
1763149954646 1.28912 97
1763150062859 1.27791 98
1763150170085 1.27349 99
1763150289267 1.27463 100
1763150386259 1.2635 101
1763150516656 1.26998 102
1763150612701 1.25657 103
1763150735867 1.27139 104
1763150838346 1.26038 105
1763150951028 1.23943 106
1763151064974 1.25216 107
1763151167989 1.24659 108
1763151290144 1.23663 109
1763151405853 1.24761 110
1763151547349 1.24812 111
1763151656469 1.22956 112
1763151804396 1.23038 113
1763151916314 1.21156 114
1763152043473 1.22389 115
1763152143868 1.23202 116
1763152258863 1.21465 117
1763152370608 1.22263 118
1763152474684 1.2107 119
1763152598329 1.20355 120
1763152694509 1.20818 121
1763152825251 1.18766 122
1763152921273 1.20771 123
1763153045187 1.20541 124
1763153147839 1.21516 125
1763153263653 1.19233 126
1763153375180 1.1799 127
1763153478915 1.20289 128
1763153601017 1.18507 129
1763153696795 1.18424 130
1763153827306 1.17784 131
1763153923222 1.17618 132
1763154046222 1.18521 133
1763154151832 1.17149 134
1763154262202 1.17756 135
1763154377674 1.164 136
1763154476793 1.18379 137
1763154603432 1.15829 138
1763154700509 1.16632 139
1763154828044 1.16375 140
1763154926975 1.16328 141
1763155053513 1.16202 142
1763155175093 1.14445 143
1763155296778 1.1538 144
1763155426361 1.14325 145
1763155542333 1.13346 146
1763155680254 1.16014 147
1763155785532 1.1422 148
1763155931542 1.13023 149
1763156036228 1.14624 150
1763156175258 1.13837 151
1763156287970 1.14891 152
1763156420923 1.13719 153
1763156538919 1.14015 154
1763156663811 1.13033 155
1763156789649 1.12986 156
1763156907197 1.11358 157
1763157042588 1.11853 158
1763157149227 1.12005 159
1763157275239 1.12132 160
1763157370805 1.11111 161
1763157496786 1.10823 162
1763157595610 1.09988 163
1763157713144 1.11404 164
1763157823450 1.12006 165
1763157931582 1.10501 166
1763158049786 1.09525 167
1763158145272 1.1023 168
1763158275324 1.10021 169
1763158370476 1.11729 170
1763158497125 1.08802 171
1763158597624 1.09705 172
1763158712058 1.11283 173
1763158824172 1.09003 174
1763158927874 1.09721 175
1763159049923 1.09583 176
1763159144986 1.09094 177
1763159274050 1.08935 178
1763159368915 1.09228 179
1763159491612 1.08516 180
1763159593189 1.08013 181
1763159704686 1.0844 182
1763159816265 1.09052 183
1763159918154 1.08093 184
1763160041355 1.08616 185
1763160136229 1.08117 186
1763160262394 1.06656 187
1763160359414 1.07473 188
1763160477205 1.06688 189
1763160582843 1.07455 190
1763160692476 1.06553 191
1763160807843 1.08157 192
1763160905411 1.06654 193
1763161032405 1.05697 194
1763161127649 1.05642 195
1763161252563 1.05029 196
1763161353476 1.05891 197
1763161469122 1.05181 198
1763161577900 1.055 199
1763161683180 1.04901 200
1763161801664 1.06507 201
1763161897490 1.05016 202
1763162029823 1.04672 203
1763162127023 1.04917 204
1763162248986 1.0443 205
1763162350234 1.04258 206
1763162461917 1.05053 207
1763162574255 1.04364 208
1763162676591 1.04949 209
1763162800093 1.03859 210
1763162895919 1.03803 211
1763163026328 1.03228 212
1763163122913 1.04408 213
1763163247014 1.0417 214
1763163351541 1.02492 215
1763163490171 1.0354 216
1763163615273 1.02556 217
1763163763101 1.03809 218
1763163902188 1.03007 219
1763164045322 1.02961 220
1763164189483 1.0244 221
1763164313330 1.01107 222
1763164446669 1.02823 223
1763164562452 1.02158 224
1763164698267 1.01463 225
1763164802571 1.01 226
1763164948428 1.00905 227
1763165053100 1.01879 228
1763165193209 1.01578 229
1763165302916 1.00638 230
1763165437669 1.00661 231
1763165553041 1.00954 232
1763165679739 1.01107 233
1763165797309 1.01597 234
1763165898869 1.0147 235
1763166021634 1.01358 236
1763166117084 1.00682 237
1763166246917 1.00121 238
1763166342153 1.00333 239
1763166462071 1.00703 240
1763166565692 1.00017 241
1763166676440 1.00028 242
1763166791460 0.99031 243
1763166893541 0.99842 244
1763167017873 0.99357 245
1763167118222 0.99725 246
1763167247779 0.99155 247
1763167342940 0.98661 248
1763167465885 0.98856 249
1763167568841 1.00027 250
1763167680130 0.98573 251
1763167793612 0.99382 252
1763167894045 0.99129 253
1763168017452 0.98988 254
1763168112269 0.98834 255
1763168242384 0.99126 256
1763168338202 0.97603 257
1763168456758 0.98392 258
1763168562112 0.97832 259
1763168669782 0.97954 260
1763168786338 0.99922 261
1763168886284 0.98129 262
1763169012177 0.97622 263
1763169107251 0.97771 264
1763169232865 0.98921 265
1763169331640 0.98313 266
1763169447896 0.97482 267
1763169556980 0.97594 268
1763169662335 0.98025 269
1763169781127 0.97248 270
1763169876319 0.97247 271
1763170005429 0.971 272
1763170100355 0.97832 273
1763170222117 0.96819 274
1763170324847 0.98013 275
1763170438629 0.97473 276
1763170548873 0.96237 277
1763170651958 0.9636 278
1763170773568 0.95622 279
1763170868634 0.96354 280
1763170999459 0.9649 281
1763171094810 0.95356 282
1763171215772 0.96057 283
1763171319180 0.95635 284
1763171429092 0.97579 285
1763171542842 0.95687 286
1763171641938 0.96754 287
1763171768099 0.9509 288
1763171862905 0.95482 289
1763171990454 0.9535 290
1763172087000 0.95999 291
1763172204475 0.95503 292
1763172320580 0.95353 293
1763172446790 0.95453 294
1763172571109 0.94715 295
1763172686983 0.95111 296
1763172819109 0.94683 297
1763172927877 0.95697 298
1763173069165 0.94857 299
1763173172799 0.94623 300
1763173316537 0.95569 301
1763173423056 0.95054 302
1763173556481 0.94352 303
1763173673308 0.95754 304
1763173799013 0.94641 305
1763173921964 0.94588 306
1763174042985 0.94341 307
1763174172141 0.94235 308
1763174282817 0.93961 309
1763174414806 0.93011 310
1763174509620 0.93838 311
1763174635623 0.93376 312
1763174735347 0.94245 313
1763174852845 0.9478 314
1763174966594 0.92904 315
1763175082629 0.92732 316
1763175196379 0.92994 317
1763175296421 0.93791 318
1763175421423 0.92901 319
1763175518597 0.93984 320
1763175646689 0.92968 321
1763175744986 0.9338 322
1763175862575 0.93598 323
1763175970108 0.92695 324
1763176075666 0.93009 325
1763176194193 0.92962 326
1763176290932 0.9272 327
1763176420303 0.92645 328
1763176515626 0.92619 329
1763176637099 0.92937 330
1763176738251 0.93021 331
1763176849272 0.92101 332
1763176962561 0.9268 333
1763177066027 0.92314 334
1763177186417 0.92723 335
1763177281551 0.92606 336
1763177410079 0.92619 337
1763177504801 0.92753 338
1763177624859 0.914 339
1763177730333 0.92027 340
1763177840719 0.91769 341
1763177954008 0.92208 342
1763178054193 0.91026 343
1763178178557 0.92078 344
1763178273481 0.91567 345
1763178402186 0.91399 346
1763178498652 0.9119 347
1763178616114 0.91601 348
1763178722124 0.90823 349
1763178830853 0.91486 350
1763178948335 0.91515 351
1763179044769 0.9139 352
1763179175474 0.91114 353
1763179271376 0.91336 354
1763179398124 0.90961 355
1763179498727 0.90724 356
1763179612657 0.9126 357
1763179722125 0.91748 358
1763179827551 0.90356 359
1763179947017 0.89932 360
1763180042031 0.90526 361
1763180172139 0.91573 362
1763180267269 0.90319 363
1763180388651 0.89984 364
1763180491597 0.90193 365
1763180604513 0.90815 366
1763180718094 0.90358 367
1763180819334 0.90249 368
1763180957539 0.89753 369
1763181062595 0.9039 370
1763181209556 0.9073 371
1763181315776 0.90486 372
1763181454988 0.89566 373
1763181566363 0.90007 374
1763181696744 0.90188 375
1763181816857 0.89851 376
1763181939086 0.90306 377
1763182066301 0.90281 378
1763182181581 0.8985 379
1763182317876 0.89938 380
1763182422679 0.89735 381
1763182568359 0.89735 382
1763182672755 0.89317 383
1763182812480 0.89812 384
1763182925479 0.90084 385
1763183050563 0.89337 386
1763183156796 0.89609 387
1763183264065 0.89461 388
1763183381810 0.89017 389
1763183477290 0.89845 390
1763183607969 0.8926 391
1763183702993 0.89135 392
1763183826193 0.89053 393
1763183926953 0.89018 394
1763184041890 0.89028 395
1763184152540 0.88327 396
1763184257636 0.88859 397
1763184378011 0.89032 398
1763184473231 0.89418 399
1763184603796 0.88601 400
1763184698905 0.88625 401
1763184818724 0.89224 402
1763184923651 0.88923 403
1763185035930 0.88824 404
1763185149201 0.88224 405
1763185248597 0.88667 406
1763185373784 0.87863 407
1763185469252 0.87629 408
1763185595906 0.88314 409
1763185695961 0.88827 410
1763185812340 0.89139 411
1763185920364 0.88887 412
1763186026230 0.87986 413
1763186145189 0.88233 414
1763186239972 0.88641 415
1763186370767 0.88005 416
1763186466347 0.8864 417
1763186588633 0.8865 418
1763186690238 0.88315 419
1763186801888 0.88764 420
1763186914099 0.88739 421
1763187014520 0.87451 422
1763187139458 0.88204 423
1763187234324 0.88759 424
1763187363266 0.88339 425
1763187458538 0.8798 426
1763187576909 0.88288 427
1763187682364 0.87654 428
1763187791602 0.87914 429
1763187907062 0.88447 430
1763188003716 0.87888 431
1763188131616 0.87777 432
1763188226607 0.9171 433
1763188349384 0.87904 434
1763188450593 0.87901 435
1763188565840 0.88317 436
1763188677544 0.87364 437
1763188779824 0.87314 438
1763188901948 0.87812 439
1763188996997 0.87321 440
1763189126579 0.87756 441
1763189221979 0.87405 442
1763189343343 0.87644 443
1763189447579 0.87946 444
1763189569243 0.87795 445
1763189695952 0.88069 446
1763189811575 0.88135 447
1763189945365 0.87251 448
1763190054245 0.87512 449
1763190195459 0.88292 450
1763190300375 0.87383 451
1763190442415 0.87928 452
1763190549408 0.87229 453
1763190683330 0.87598 454
1763190799338 0.87524 455
1763190928204 0.88162 456
1763191050972 0.87876 457
1763191169541 0.87495 458
1763191300459 0.87168 459
1763191409833 0.87156 460
1763191549453 0.87215 461
1763191651896 0.87508 462
1763191780942 0.8772 463
1763191876999 0.87269 464
1763191995898 0.87185 465
1763192102100 0.87034 466
1763192210601 0.87175 467
1763192326987 0.87295 468
1763192426900 0.86611 469
1763192554036 0.87115 470
1763192648770 0.87376 471
1763192772513 0.87346 472
1763192871415 0.86791 473
1763192985782 0.87108 474
1763193097165 0.86884 475
1763193203780 0.87059 476
1763193322442 0.87033 477
1763193417383 0.87285 478
1763193546792 0.86699 479
1763193643605 0.87232 480
1763193769971 0.87083 481
1763193871449 0.87417 482
1763193984461 0.87156 483
1763194095184 0.87344 484
1763194198100 0.87553 485
1763194318234 0.87156 486
1763194413048 0.87108 487
1763194543457 0.87514 488
1763194638701 0.87006 489
1763194744367 0.8445 490
1763194825906 0.83863 491
1763194913761 0.83479 492
1763195004360 0.83624 493
