1764329230047 0.00041 0
1764329265974 0.00038 1
1764329300792 0.00104 2
1764329334664 0.00458 3
1764329368552 0.00116 4
1764329402540 0.00933 5
1764329436553 0.02755 6
1764329470615 0.01586 7
1764329504542 0.02773 8
1764329538576 0.05789 9
1764329572491 0.05169 10
1764329606419 0.05723 11
1764329640345 0.05133 12
1764329674283 0.07868 13
1764329708205 0.05613 14
1764329742190 0.07994 15
1764329776085 0.07537 16
1764329810020 0.07325 17
1764329843993 0.082 18
1764329877936 0.09216 19
1764329911945 0.11826 20
1764329945908 0.08897 21
1764329979779 0.1083 22
1764330013683 0.09788 23
1764330047540 0.0943 24
1764330081430 0.1018 25
1764330115350 0.09399 26
1764330149219 0.1053 27
1764330183109 0.09737 28
1764330216999 0.09906 29
1764330250902 0.10789 30
1764330284870 0.12304 31
1764330318745 0.12196 32
1764330352701 0.11818 33
1764330386623 0.13305 34
1764330420544 0.11422 35
1764330454409 0.12275 36
1764330488301 0.11713 37
1764330522190 0.12006 38
1764330556135 0.13774 39
1764330590107 0.12492 40
1764330624029 0.12761 41
1764330657998 0.14412 42
1764330691904 0.11083 43
1764330725860 0.13908 44
1764330759806 0.14322 45
1764330793754 0.14776 46
1764330827737 0.15398 47
1764330861631 0.14973 48
1764330895551 0.13076 49
1764330929497 0.15932 50
1764330963453 0.15927 51
1764330997380 0.16628 52
1764331031306 0.14216 53
1764331065226 0.15029 54
1764331099140 0.14065 55
1764331133062 0.15592 56
1764331166977 0.1446 57
1764331200934 0.17049 58
1764331234841 0.14574 59
1764331268746 0.15697 60
1764331302710 0.18988 61
1764331336608 0.16539 62
1764331370509 0.17532 63
1764331404371 0.15754 64
1764331438275 0.16933 65
1764331472201 0.16407 66
1764331506047 0.155 67
1764331539941 0.14588 68
1764331573775 0.1552 69
1764331607702 0.18766 70
1764331641637 0.13735 71
1764331675521 0.17308 72
1764331709407 0.17839 73
1764331743269 0.14956 74
1764331777033 0.18808 75
1764331810908 0.16784 76
1764331844661 0.16851 77
1764331878424 0.16744 78
1764331912329 0.19065 79
1764331946239 0.19885 80
1764331980157 0.16097 81
1764332014108 0.17662 82
1764332048041 0.18154 83
1764332082002 0.17131 84
1764332115892 0.18563 85
1764332149788 0.18192 86
1764332183675 0.17983 87
1764332217593 0.20679 88
1764332251505 0.18922 89
1764332285389 0.16866 90
1764332319340 0.18218 91
1764332353136 0.18315 92
1764332387030 0.18299 93
1764332420862 0.17045 94
1764332454816 0.14791 95
1764332488697 0.15427 96
1764332522634 0.17682 97
1764332556521 0.17864 98
1764332590382 0.15892 99
1764332624287 0.19506 100
1764332658203 0.19349 101
1764332692120 0.17074 102
1764332726068 0.18892 103
1764332759892 0.17323 104
1764332793682 0.2002 105
1764332827620 0.19077 106
1764332861551 0.20102 107
1764332895457 0.18964 108
1764332929374 0.17894 109
1764332963286 0.18496 110
1764332997237 0.17187 111
1764333031079 0.18612 112
1764333064974 0.20004 113
1764333098902 0.19486 114
1764333132853 0.14634 115
1764333166740 0.19323 116
1764333200671 0.16481 117
1764333234610 0.17917 118
1764333268524 0.19262 119
1764333302393 0.19142 120
1764333336285 0.18043 121
1764333370264 0.18205 122
1764333404140 0.195 123
1764333438018 0.19361 124
1764333471932 0.18267 125
1764333505781 0.19119 126
1764333539681 0.16934 127
1764333573534 0.18765 128
1764333607430 0.18594 129
1764333641324 0.18131 130
1764333675194 0.17073 131
1764333709051 0.18405 132
1764333742946 0.19772 133
1764333776833 0.19988 134
1764333810717 0.19189 135
1764333844566 0.19376 136
1764333878466 0.17727 137
1764333912392 0.18938 138
1764333946274 0.19633 139
1764333980106 0.18319 140
1764334014025 0.18258 141
1764334047930 0.18019 142
1764334081882 0.19854 143
1764334115732 0.17787 144
1764334149595 0.17162 145
1764334183494 0.19816 146
1764334217378 0.18881 147
1764334251286 0.17001 148
1764334285146 0.1792 149
1764334319042 0.17565 150
1764334352931 0.18665 151
1764334386692 0.19668 152
1764334420554 0.18272 153
1764334454436 0.18674 154
1764334488331 0.18685 155
1764334522256 0.1907 156
1764334556151 0.19335 157
1764334590020 0.19996 158
1764334623881 0.19463 159
1764334657713 0.17988 160
1764334691589 0.17778 161
1764334725514 0.18886 162
1764334759425 0.19548 163
1764334793319 0.20007 164
1764334827236 0.19868 165
1764334861124 0.18485 166
1764334895001 0.193 167
1764334928873 0.18659 168
1764334962756 0.18661 169
1764334996655 0.19907 170
1764335030554 0.19242 171
1764335064445 0.19493 172
1764335098359 0.19396 173
1764335132247 0.20044 174
1764335166173 0.20756 175
1764335200019 0.20704 176
1764335233957 0.20037 177
1764335267885 0.21275 178
1764335301757 0.20049 179
1764335335693 0.22391 180
1764335369600 0.21249 181
1764335403493 0.19938 182
1764335437404 0.20964 183
1764335471208 0.20506 184
1764335505120 0.20516 185
1764335539040 0.21686 186
1764335572908 0.21598 187
1764335606811 0.2154 188
1764335640690 0.19063 189
1764335674623 0.21517 190
1764335708508 0.20824 191
1764335742290 0.20556 192
1764335776314 0.19541 193
1764335810203 0.19445 194
1764335844117 0.19862 195
1764335878030 0.19893 196
1764335911928 0.20787 197
1764335945853 0.20199 198
1764335979765 0.19779 199
1764336013632 0.21269 200
1764336047532 0.20939 201
1764336081407 0.18504 202
1764336115271 0.2056 203
1764336149181 0.20187 204
1764336183071 0.21691 205
1764336217086 0.20435 206
1764336250982 0.22253 207
1764336284786 0.21024 208
1764336318659 0.20326 209
1764336352576 0.2071 210
1764336386490 0.206 211
1764336420386 0.2055 212
1764336454269 0.20351 213
1764336488145 0.19831 214
1764336522041 0.20913 215
1764336556010 0.23045 216
1764336589924 0.21555 217
1764336623852 0.21964 218
1764336657721 0.18337 219
1764336691607 0.20607 220
1764336725454 0.20788 221
1764336759287 0.20905 222
1764336793179 0.21455 223
1764336827037 0.22026 224
1764336860895 0.20278 225
1764336894772 0.21754 226
1764336928637 0.21751 227
1764336962579 0.22027 228
1764336996429 0.21098 229
1764337030304 0.22487 230
1764337064201 0.22966 231
1764337098100 0.22606 232
1764337131833 0.20415 233
1764337165684 0.22068 234
1764337199548 0.21215 235
1764337233391 0.20259 236
1764337267299 0.22339 237
1764337301213 0.21153 238
1764337335071 0.21568 239
1764337368907 0.19525 240
1764337402799 0.2205 241
1764337436687 0.21361 242
1764337470603 0.22525 243
1764337504505 0.20697 244
1764337538364 0.21599 245
1764337572228 0.21933 246
1764337606104 0.21535 247
1764337639937 0.21062 248
1764337673864 0.21795 249
1764337707773 0.22845 250
1764337741726 0.22339 251
1764337775677 0.1988 252
1764337809453 0.22812 253
1764337843333 0.22531 254
1764337877216 0.21657 255
1764337911102 0.2042 256
1764337945022 0.21325 257
1764337978874 0.21226 258
1764338012782 0.21968 259
1764338046688 0.21822 260
1764338080581 0.22761 261
1764338114402 0.22116 262
1764338148320 0.21559 263
1764338182102 0.21728 264
1764338215940 0.21321 265
1764338249796 0.21957 266
1764338283686 0.21689 267
1764338317597 0.22794 268
1764338351498 0.22446 269
1764338385386 0.22077 270
1764338419301 0.21531 271
1764338453152 0.2146 272
1764338487049 0.20233 273
1764338520953 0.20778 274
1764338554844 0.20885 275
1764338588754 0.21824 276
1764338622635 0.22343 277
1764338656487 0.21434 278
1764338690368 0.22285 279
1764338724204 0.2081 280
1764338859345 0.22689 281
1764338893128 0.21576 282
1764338926880 0.21662 283
1764338960775 0.21455 284
1764338994645 0.22545 285
1764339028566 0.22616 286
1764339062345 0.22559 287
1764339096195 0.21863 288
1764339130135 0.21539 289
1764339163984 0.21307 290
1764339197844 0.20942 291
1764339231689 0.21087 292
1764339265598 0.21264 293
1764339299474 0.22237 294
1764339333419 0.23134 295
1764339367286 0.21624 296
1764339401187 0.20666 297
1764339435041 0.20108 298
1764339468928 0.20548 299
1764339502812 0.2127 300
1764339536702 0.21309 301
1764339570631 0.21642 302
1764339604559 0.20986 303
1764339638406 0.22031 304
1764339672318 0.21071 305
1764339706194 0.2217 306
1764339740088 0.21816 307
1764339773927 0.21219 308
1764339807842 0.22601 309
1764339841732 0.21898 310
1764339875644 0.22422 311
1764339909473 0.22853 312
1764339943374 0.21625 313
1764339977263 0.21891 314
1764340011136 0.21596 315
1764340044981 0.21491 316
1764340078888 0.22148 317
1764340112786 0.21462 318
1764340146715 0.21765 319
1764340180542 0.22117 320
1764340214419 0.21824 321
1764340248310 0.22351 322
1764340282199 0.21896 323
1764340316102 0.21843 324
1764340350019 0.21766 325
1764340383926 0.21768 326
1764340417816 0.21575 327
1764340451684 0.22781 328
1764340485602 0.22016 329
1764340519520 0.22652 330
1764340553371 0.23016 331
1764340587258 0.2222 332
1764340621203 0.22784 333
1764340655097 0.22482 334
1764340689060 0.22928 335
1764340722910 0.2256 336
1764340756879 0.234 337
1764340790802 0.22164 338
1764340824726 0.23881 339
1764340858607 0.23419 340
1764340892519 0.22908 341
1764340926404 0.23793 342
1764340960289 0.23833 343
1764340994137 0.22875 344
1764341028026 0.21914 345
1764341061925 0.23329 346
1764341095825 0.23019 347
1764341129723 0.22704 348
1764341163632 0.2293 349
1764341197536 0.23302 350
1764341231442 0.23335 351
1764341265268 0.22967 352
1764341299144 0.22886 353
1764341333010 0.23659 354
1764341366886 0.24043 355
1764341400818 0.23587 356
1764341434706 0.23059 357
1764341468615 0.22661 358
1764341502472 0.22489 359
1764341536298 0.22206 360
1764341570173 0.22401 361
1764341604030 0.21862 362
1764341637884 0.22457 363
1764341671792 0.23052 364
1764341705677 0.22137 365
1764341739577 0.22199 366
1764341773474 0.22852 367
1764341807349 0.23489 368
1764341841246 0.23398 369
1764341875114 0.22783 370
1764341908981 0.2259 371
1764341942871 0.23238 372
1764341976744 0.22648 373
1764342010658 0.22596 374
1764342044509 0.22503 375
1764342078364 0.21912 376
1764342112238 0.22687 377
