1764329230047 0.00157 0
1764329265974 0.00114 1
1764329300792 0.00397 2
1764329334664 0.01409 3
1764329368552 0.00399 4
1764329402540 0.03816 5
1764329436553 0.10152 6
1764329470615 0.06065 7
1764329504542 0.08889 8
1764329538576 0.18841 9
1764329572491 0.15987 10
1764329606419 0.17821 11
1764329640345 0.16919 12
1764329674283 0.24271 13
1764329708205 0.18477 14
1764329742190 0.2447 15
1764329776085 0.23304 16
1764329810020 0.23181 17
1764329843993 0.26641 18
1764329877936 0.26731 19
1764329911945 0.352 20
1764329945908 0.28152 21
1764329979779 0.32345 22
1764330013683 0.31558 23
1764330047540 0.30345 24
1764330081430 0.32104 25
1764330115350 0.31135 26
1764330149219 0.31121 27
1764330183109 0.31222 28
1764330216999 0.33436 29
1764330250902 0.31697 30
1764330284870 0.37885 31
1764330318745 0.37406 32
1764330352701 0.36826 33
1764330386623 0.40504 34
1764330420544 0.36849 35
1764330454409 0.35984 36
1764330488301 0.36593 37
1764330522190 0.34621 38
1764330556135 0.43148 39
1764330590107 0.40255 40
1764330624029 0.38738 41
1764330657998 0.42011 42
1764330691904 0.35453 43
1764330725860 0.39679 44
1764330759806 0.45135 45
1764330793754 0.4516 46
1764330827737 0.47259 47
1764330861631 0.43672 48
1764330895551 0.40908 49
1764330929497 0.47529 50
1764330963453 0.47854 51
1764330997380 0.45934 52
1764331031306 0.42295 53
1764331065226 0.45568 54
1764331099140 0.42563 55
1764331133062 0.45258 56
1764331166977 0.42351 57
1764331200934 0.50504 58
1764331234841 0.45562 59
1764331268746 0.44237 60
1764331302710 0.53084 61
1764331336608 0.48871 62
1764331370509 0.51641 63
1764331404371 0.46338 64
1764331438275 0.51015 65
1764331472201 0.46573 66
1764331506047 0.48666 67
1764331539941 0.44724 68
1764331573775 0.46052 69
1764331607702 0.55195 70
1764331641637 0.42252 71
1764331675521 0.51689 72
1764331709407 0.52745 73
1764331743269 0.48226 74
1764331777033 0.57456 75
1764331810908 0.49306 76
1764331844661 0.49424 77
1764331878424 0.48689 78
1764331912329 0.57106 79
1764331946239 0.57039 80
1764331980157 0.44737 81
1764332014108 0.52183 82
1764332048041 0.55894 83
1764332082002 0.5448 84
1764332115892 0.53922 85
1764332149788 0.53123 86
1764332183675 0.49741 87
1764332217593 0.5798 88
1764332251505 0.55531 89
1764332285389 0.50156 90
1764332319340 0.54715 91
1764332353136 0.53729 92
1764332387030 0.54127 93
1764332420862 0.54765 94
1764332454816 0.51412 95
1764332488697 0.48738 96
1764332522634 0.52696 97
1764332556521 0.52843 98
1764332590382 0.49472 99
1764332624287 0.54927 100
1764332658203 0.5637 101
1764332692120 0.51575 102
1764332726068 0.57438 103
1764332759892 0.53996 104
1764332793682 0.59125 105
1764332827620 0.57804 106
1764332861551 0.57386 107
1764332895457 0.54443 108
1764332929374 0.57282 109
1764332963286 0.55525 110
1764332997237 0.54035 111
1764333031079 0.5759 112
1764333064974 0.6184 113
1764333098902 0.57231 114
1764333132853 0.44946 115
1764333166740 0.52578 116
1764333200671 0.50378 117
1764333234610 0.53259 118
1764333268524 0.55841 119
1764333302393 0.56861 120
1764333336285 0.56999 121
1764333370264 0.55164 122
1764333404140 0.57938 123
1764333438018 0.55224 124
1764333471932 0.5746 125
1764333505781 0.56552 126
1764333539681 0.51315 127
1764333573534 0.57512 128
1764333607430 0.56119 129
1764333641324 0.5616 130
1764333675194 0.53559 131
1764333709051 0.55963 132
1764333742946 0.55934 133
1764333776833 0.56686 134
1764333810717 0.55466 135
1764333844566 0.59458 136
1764333878466 0.55279 137
1764333912392 0.54839 138
1764333946274 0.56063 139
1764333980106 0.54208 140
1764334014025 0.55088 141
1764334047930 0.5566 142
1764334081882 0.56789 143
1764334115732 0.55592 144
1764334149595 0.51435 145
1764334183494 0.60198 146
1764334217378 0.56947 147
1764334251286 0.54887 148
1764334285146 0.57595 149
1764334319042 0.52585 150
1764334352931 0.57319 151
1764334386692 0.59992 152
1764334420554 0.5614 153
1764334454436 0.57013 154
1764334488331 0.5532 155
1764334522256 0.57664 156
1764334556151 0.55325 157
1764334590020 0.59303 158
1764334623881 0.55706 159
1764334657713 0.56154 160
1764334691589 0.5205 161
1764334725514 0.56615 162
1764334759425 0.55865 163
1764334793319 0.58249 164
1764334827236 0.55969 165
1764334861124 0.54553 166
1764334895001 0.53584 167
1764334928873 0.57312 168
1764334962756 0.55227 169
1764334996655 0.59096 170
1764335030554 0.56599 171
1764335064445 0.56175 172
1764335098359 0.53196 173
1764335132247 0.58365 174
1764335166173 0.60441 175
1764335200019 0.60445 176
1764335233957 0.57406 177
1764335267885 0.59624 178
1764335301757 0.58308 179
1764335335693 0.59421 180
1764335369600 0.62516 181
1764335403493 0.58882 182
1764335437404 0.60528 183
1764335471208 0.60796 184
1764335505120 0.57149 185
1764335539040 0.62831 186
1764335572908 0.61477 187
1764335606811 0.61033 188
1764335640690 0.59315 189
1764335674623 0.61458 190
1764335708508 0.61536 191
1764335742290 0.60619 192
1764335776314 0.59648 193
1764335810203 0.56927 194
1764335844117 0.62083 195
1764335878030 0.60893 196
1764335911928 0.60614 197
1764335945853 0.62133 198
1764335979765 0.59006 199
1764336013632 0.6183 200
1764336047532 0.59821 201
1764336081407 0.56526 202
1764336115271 0.62661 203
1764336149181 0.61274 204
1764336183071 0.60949 205
1764336217086 0.64037 206
1764336250982 0.6137 207
1764336284786 0.62122 208
1764336318659 0.58973 209
1764336352576 0.60925 210
1764336386490 0.62151 211
1764336420386 0.60518 212
1764336454269 0.6442 213
1764336488145 0.60052 214
1764336522041 0.63014 215
1764336556010 0.65437 216
1764336589924 0.59867 217
1764336623852 0.63158 218
1764336657721 0.57236 219
1764336691607 0.6008 220
1764336725454 0.64262 221
1764336759287 0.6125 222
1764336793179 0.62756 223
1764336827037 0.64209 224
1764336860895 0.59354 225
1764336894772 0.61232 226
1764336928637 0.61482 227
1764336962579 0.62567 228
1764336996429 0.61326 229
1764337030304 0.62199 230
1764337064201 0.67635 231
1764337098100 0.62088 232
1764337131833 0.59904 233
1764337165684 0.62093 234
1764337199548 0.65403 235
1764337233391 0.61237 236
1764337267299 0.62439 237
1764337301213 0.62645 238
1764337335071 0.62351 239
1764337368907 0.55413 240
1764337402799 0.60428 241
1764337436687 0.60038 242
1764337470603 0.58771 243
1764337504505 0.58316 244
1764337538364 0.59249 245
1764337572228 0.61406 246
1764337606104 0.61081 247
1764337639937 0.5984 248
1764337673864 0.60692 249
1764337707773 0.60469 250
1764337741726 0.60909 251
1764337775677 0.57987 252
1764337809453 0.62589 253
1764337843333 0.63583 254
1764337877216 0.6396 255
1764337911102 0.63419 256
1764337945022 0.62551 257
1764337978874 0.58883 258
1764338012782 0.59142 259
1764338046688 0.61876 260
1764338080581 0.62381 261
1764338114402 0.62506 262
1764338148320 0.62143 263
1764338182102 0.62178 264
1764338215940 0.60349 265
1764338249796 0.61031 266
1764338283686 0.64474 267
1764338317597 0.64897 268
1764338351498 0.6134 269
1764338385386 0.64783 270
1764338419301 0.65292 271
1764338453152 0.66693 272
1764338487049 0.6239 273
1764338520953 0.63447 274
1764338554844 0.642 275
1764338588754 0.61958 276
1764338622635 0.64107 277
1764338656487 0.64797 278
1764338690368 0.66736 279
1764338724204 0.63072 280
1764338859345 0.66085 281
1764338893128 0.61124 282
1764338926880 0.61496 283
1764338960775 0.64506 284
1764338994645 0.62587 285
1764339028566 0.66465 286
1764339062345 0.67556 287
1764339096195 0.65465 288
1764339130135 0.62939 289
1764339163984 0.60826 290
1764339197844 0.60651 291
1764339231689 0.62982 292
1764339265598 0.59694 293
1764339299474 0.63192 294
1764339333419 0.63833 295
1764339367286 0.62348 296
1764339401187 0.59107 297
1764339435041 0.59449 298
1764339468928 0.58439 299
1764339502812 0.62502 300
1764339536702 0.60252 301
1764339570631 0.61003 302
1764339604559 0.57073 303
1764339638406 0.63253 304
1764339672318 0.61317 305
1764339706194 0.62216 306
1764339740088 0.62471 307
1764339773927 0.60036 308
1764339807842 0.63315 309
1764339841732 0.6039 310
1764339875644 0.66176 311
1764339909473 0.62523 312
1764339943374 0.60584 313
1764339977263 0.62739 314
1764340011136 0.6238 315
1764340044981 0.62965 316
1764340078888 0.65105 317
1764340112786 0.62618 318
1764340146715 0.6296 319
1764340180542 0.64431 320
1764340214419 0.63431 321
1764340248310 0.62254 322
1764340282199 0.61417 323
1764340316102 0.62608 324
1764340350019 0.64293 325
1764340383926 0.63101 326
1764340417816 0.6381 327
1764340451684 0.66792 328
1764340485602 0.64327 329
1764340519520 0.64903 330
1764340553371 0.68592 331
1764340587258 0.64186 332
1764340621203 0.67356 333
1764340655097 0.67295 334
1764340689060 0.66635 335
1764340722910 0.6498 336
1764340756879 0.66757 337
1764340790802 0.66 338
1764340824726 0.67701 339
1764340858607 0.68535 340
1764340892519 0.691 341
1764340926404 0.68638 342
1764340960289 0.64781 343
1764340994137 0.6376 344
1764341028026 0.62841 345
1764341061925 0.65239 346
1764341095825 0.66012 347
1764341129723 0.66626 348
1764341163632 0.65701 349
1764341197536 0.67426 350
1764341231442 0.68554 351
1764341265268 0.648 352
1764341299144 0.65756 353
1764341333010 0.66783 354
1764341366886 0.67104 355
1764341400818 0.67429 356
1764341434706 0.6727 357
1764341468615 0.65179 358
1764341502472 0.66129 359
1764341536298 0.65249 360
1764341570173 0.64135 361
1764341604030 0.63073 362
1764341637884 0.64541 363
1764341671792 0.66557 364
1764341705677 0.67831 365
1764341739577 0.64163 366
1764341773474 0.64828 367
1764341807349 0.6639 368
1764341841246 0.69398 369
1764341875114 0.66885 370
1764341908981 0.65588 371
1764341942871 0.64654 372
1764341976744 0.64177 373
1764342010658 0.65948 374
1764342044509 0.66569 375
1764342078364 0.65621 376
1764342112238 0.67838 377
