1764329230047 0.00394 0
1764329265974 0.00163 1
1764329300792 0.00759 2
1764329334664 0.08429 3
1764329368552 0.01499 4
1764329402540 0.07982 5
1764329436553 0.18149 6
1764329470615 0.14837 7
1764329504542 0.15644 8
1764329538576 0.33585 9
1764329572491 0.26254 10
1764329606419 0.30325 11
1764329640345 0.24652 12
1764329674283 0.39496 13
1764329708205 0.24995 14
1764329742190 0.35482 15
1764329776085 0.29669 16
1764329810020 0.33056 17
1764329843993 0.3599 18
1764329877936 0.37746 19
1764329911945 0.41253 20
1764329945908 0.36413 21
1764329979779 0.40756 22
1764330013683 0.4141 23
1764330047540 0.39146 24
1764330081430 0.36699 25
1764330115350 0.37181 26
1764330149219 0.39134 27
1764330183109 0.37274 28
1764330216999 0.36762 29
1764330250902 0.41574 30
1764330284870 0.45343 31
1764330318745 0.43095 32
1764330352701 0.39188 33
1764330386623 0.5082 34
1764330420544 0.44258 35
1764330454409 0.43346 36
1764330488301 0.41732 37
1764330522190 0.41283 38
1764330556135 0.53508 39
1764330590107 0.44328 40
1764330624029 0.44287 41
1764330657998 0.52317 42
1764330691904 0.40635 43
1764330725860 0.48958 44
1764330759806 0.48919 45
1764330793754 0.54634 46
1764330827737 0.62399 47
1764330861631 0.48146 48
1764330895551 0.4852 49
1764330929497 0.55516 50
1764330963453 0.52494 51
1764330997380 0.51028 52
1764331031306 0.44493 53
1764331065226 0.52115 54
1764331099140 0.48094 55
1764331133062 0.57275 56
1764331166977 0.48202 57
1764331200934 0.54519 58
1764331234841 0.5012 59
1764331268746 0.5296 60
1764331302710 0.58621 61
1764331336608 0.60852 62
1764331370509 0.65323 63
1764331404371 0.52146 64
1764331438275 0.56111 65
1764331472201 0.50341 66
1764331506047 0.56972 67
1764331539941 0.53804 68
1764331573775 0.52272 69
1764331607702 0.65221 70
1764331641637 0.46929 71
1764331675521 0.56226 72
1764331709407 0.60931 73
1764331743269 0.57014 74
1764331777033 0.6273 75
1764331810908 0.53431 76
1764331844661 0.56772 77
1764331878424 0.55385 78
1764331912329 0.64911 79
1764331946239 0.63587 80
1764331980157 0.51941 81
1764332014108 0.54853 82
1764332048041 0.59969 83
1764332082002 0.58979 84
1764332115892 0.55513 85
1764332149788 0.60291 86
1764332183675 0.55079 87
1764332217593 0.66913 88
1764332251505 0.60826 89
1764332285389 0.65722 90
1764332319340 0.66572 91
1764332353136 0.63461 92
1764332387030 0.61565 93
1764332420862 0.62363 94
1764332454816 0.60774 95
1764332488697 0.53521 96
1764332522634 0.56922 97
1764332556521 0.58892 98
1764332590382 0.54155 99
1764332624287 0.61104 100
1764332658203 0.56452 101
1764332692120 0.62416 102
1764332726068 0.63158 103
1764332759892 0.60319 104
1764332793682 0.66352 105
1764332827620 0.59627 106
1764332861551 0.66271 107
1764332895457 0.6447 108
1764332929374 0.62236 109
1764332963286 0.668 110
1764332997237 0.6036 111
1764333031079 0.73566 112
1764333064974 0.68203 113
1764333098902 0.71373 114
1764333132853 0.5479 115
1764333166740 0.6411 116
1764333200671 0.6017 117
1764333234610 0.63474 118
1764333268524 0.61153 119
1764333302393 0.6542 120
1764333336285 0.62761 121
1764333370264 0.63561 122
1764333404140 0.6453 123
1764333438018 0.54905 124
1764333471932 0.63497 125
1764333505781 0.62712 126
1764333539681 0.6265 127
1764333573534 0.67604 128
1764333607430 0.67437 129
1764333641324 0.65546 130
1764333675194 0.60339 131
1764333709051 0.59241 132
1764333742946 0.64396 133
1764333776833 0.67372 134
1764333810717 0.59427 135
1764333844566 0.68358 136
1764333878466 0.63955 137
1764333912392 0.59819 138
1764333946274 0.63986 139
1764333980106 0.62273 140
1764334014025 0.64595 141
1764334047930 0.61348 142
1764334081882 0.65943 143
1764334115732 0.61877 144
1764334149595 0.57935 145
1764334183494 0.62083 146
1764334217378 0.67907 147
1764334251286 0.62836 148
1764334285146 0.67055 149
1764334319042 0.68802 150
1764334352931 0.65301 151
1764334386692 0.6915 152
1764334420554 0.59045 153
1764334454436 0.65881 154
1764334488331 0.67228 155
1764334522256 0.6581 156
1764334556151 0.65026 157
1764334590020 0.68905 158
1764334623881 0.69855 159
1764334657713 0.67607 160
1764334691589 0.57787 161
1764334725514 0.68952 162
1764334759425 0.68518 163
1764334793319 0.66899 164
1764334827236 0.6684 165
1764334861124 0.62942 166
1764334895001 0.7152 167
1764334928873 0.66814 168
1764334962756 0.61113 169
1764334996655 0.69519 170
1764335030554 0.63428 171
1764335064445 0.68359 172
1764335098359 0.63012 173
1764335132247 0.74893 174
1764335166173 0.65705 175
1764335200019 0.63713 176
1764335233957 0.63253 177
1764335267885 0.66148 178
1764335301757 0.6712 179
1764335335693 0.75297 180
1764335369600 0.64019 181
1764335403493 0.67885 182
1764335437404 0.67345 183
1764335471208 0.68875 184
1764335505120 0.69585 185
1764335539040 0.67027 186
1764335572908 0.69829 187
1764335606811 0.68325 188
1764335640690 0.69921 189
1764335674623 0.67609 190
1764335708508 0.58593 191
1764335742290 0.73197 192
1764335776314 0.67316 193
1764335810203 0.61232 194
1764335844117 0.69275 195
1764335878030 0.66962 196
1764335911928 0.65326 197
1764335945853 0.73893 198
1764335979765 0.77222 199
1764336013632 0.66907 200
1764336047532 0.69856 201
1764336081407 0.62662 202
1764336115271 0.76862 203
1764336149181 0.76363 204
1764336183071 0.64356 205
1764336217086 0.68591 206
1764336250982 0.65462 207
1764336284786 0.7423 208
1764336318659 0.68588 209
1764336352576 0.7166 210
1764336386490 0.73496 211
1764336420386 0.7509 212
1764336454269 0.78872 213
1764336488145 0.73505 214
1764336522041 0.66669 215
1764336556010 0.72715 216
1764336589924 0.64926 217
1764336623852 0.67025 218
1764336657721 0.69557 219
1764336691607 0.71334 220
1764336725454 0.77253 221
1764336759287 0.76748 222
1764336793179 0.69626 223
1764336827037 0.76189 224
1764336860895 0.64462 225
1764336894772 0.66374 226
1764336928637 0.7196 227
1764336962579 0.69835 228
1764336996429 0.72698 229
1764337030304 0.6953 230
1764337064201 0.73405 231
1764337098100 0.67034 232
1764337131833 0.69898 233
1764337165684 0.71378 234
1764337199548 0.73106 235
1764337233391 0.64286 236
1764337267299 0.70922 237
1764337301213 0.74481 238
1764337335071 0.64886 239
1764337368907 0.62871 240
1764337402799 0.76759 241
1764337436687 0.70045 242
1764337470603 0.75669 243
1764337504505 0.67135 244
1764337538364 0.63888 245
1764337572228 0.70511 246
1764337606104 0.68525 247
1764337639937 0.71536 248
1764337673864 0.67242 249
1764337707773 0.7274 250
1764337741726 0.67655 251
1764337775677 0.71876 252
1764337809453 0.65656 253
1764337843333 0.68025 254
1764337877216 0.74287 255
1764337911102 0.67677 256
1764337945022 0.70122 257
1764337978874 0.64456 258
1764338012782 0.63977 259
1764338046688 0.70735 260
1764338080581 0.65855 261
1764338114402 0.6193 262
1764338148320 0.7061 263
1764338182102 0.72107 264
1764338215940 0.7193 265
1764338249796 0.63518 266
1764338283686 0.70669 267
1764338317597 0.6506 268
1764338351498 0.61863 269
1764338385386 0.72877 270
1764338419301 0.62464 271
1764338453152 0.69124 272
1764338487049 0.69598 273
1764338520953 0.69064 274
1764338554844 0.69543 275
1764338588754 0.70411 276
1764338622635 0.68475 277
1764338656487 0.78962 278
1764338690368 0.74271 279
1764338724204 0.71316 280
1764338859345 0.7317 281
1764338893128 0.69693 282
1764338926880 0.77941 283
1764338960775 0.73789 284
1764338994645 0.70227 285
1764339028566 0.78289 286
1764339062345 0.74687 287
1764339096195 0.75654 288
1764339130135 0.74236 289
1764339163984 0.66213 290
1764339197844 0.69977 291
1764339231689 0.71139 292
1764339265598 0.6599 293
1764339299474 0.75412 294
1764339333419 0.69737 295
1764339367286 0.69008 296
1764339401187 0.69132 297
1764339435041 0.65816 298
1764339468928 0.69313 299
1764339502812 0.69539 300
1764339536702 0.68097 301
1764339570631 0.68321 302
1764339604559 0.61769 303
1764339638406 0.73042 304
1764339672318 0.61968 305
1764339706194 0.71151 306
1764339740088 0.63825 307
1764339773927 0.61861 308
1764339807842 0.7431 309
1764339841732 0.66592 310
1764339875644 0.71283 311
1764339909473 0.6631 312
1764339943374 0.66502 313
1764339977263 0.71502 314
1764340011136 0.67538 315
1764340044981 0.68106 316
1764340078888 0.71251 317
1764340112786 0.70023 318
1764340146715 0.69685 319
1764340180542 0.71281 320
1764340214419 0.69757 321
1764340248310 0.75404 322
1764340282199 0.72199 323
1764340316102 0.70638 324
1764340350019 0.69732 325
1764340383926 0.67407 326
1764340417816 0.74282 327
1764340451684 0.73878 328
1764340485602 0.7354 329
1764340519520 0.76053 330
1764340553371 0.74629 331
1764340587258 0.70816 332
1764340621203 0.72346 333
1764340655097 0.77785 334
1764340689060 0.74874 335
1764340722910 0.70321 336
1764340756879 0.78352 337
1764340790802 0.77974 338
1764340824726 0.75676 339
1764340858607 0.7846 340
1764340892519 0.75498 341
1764340926404 0.80822 342
1764340960289 0.69255 343
1764340994137 0.6898 344
1764341028026 0.70508 345
1764341061925 0.73499 346
1764341095825 0.78098 347
1764341129723 0.70788 348
1764341163632 0.76699 349
1764341197536 0.79125 350
1764341231442 0.75584 351
1764341265268 0.71741 352
1764341299144 0.71993 353
1764341333010 0.73594 354
1764341366886 0.74929 355
1764341400818 0.73931 356
1764341434706 0.73579 357
1764341468615 0.69285 358
1764341502472 0.66861 359
1764341536298 0.70561 360
1764341570173 0.73009 361
1764341604030 0.71945 362
1764341637884 0.70307 363
1764341671792 0.7045 364
1764341705677 0.67913 365
1764341739577 0.68078 366
1764341773474 0.69565 367
1764341807349 0.6816 368
1764341841246 0.74349 369
1764341875114 0.7088 370
1764341908981 0.68981 371
1764341942871 0.67056 372
1764341976744 0.69577 373
1764342010658 0.66173 374
1764342044509 0.7045 375
1764342078364 0.6753 376
1764342112238 0.69749 377
