1764329230047 0.08962 0
1764329265974 0.33019 1
1764329300792 0.12736 2
1764329334664 0.0566 3
1764329368552 0.06604 4
1764329402540 0.16509 5
1764329436553 0.1934 6
1764329470615 0.17453 7
1764329504542 0.16981 8
1764329538576 0.24528 9
1764329572491 0.25472 10
1764329606419 0.21226 11
1764329640345 0.25943 12
1764329674283 0.30189 13
1764329708205 0.31132 14
1764329742190 0.30093 15
1764329776085 0.32075 16
1764329810020 0.28774 17
1764329843993 0.32075 18
1764329877936 0.32075 19
1764329911945 0.43868 20
1764329945908 0.34906 21
1764329979779 0.37264 22
1764330013683 0.33491 23
1764330047540 0.35377 24
1764330081430 0.38679 25
1764330115350 0.31132 26
1764330149219 0.37264 27
1764330183109 0.38679 28
1764330216999 0.41954 29
1764330250902 0.34906 30
1764330284870 0.41479 31
1764330318745 0.38679 32
1764330352701 0.37264 33
1764330386623 0.40094 34
1764330420544 0.45755 35
1764330454409 0.39623 36
1764330488301 0.43396 37
1764330522190 0.37264 38
1764330556135 0.45283 39
1764330590107 0.43396 40
1764330624029 0.49121 41
1764330657998 0.43396 42
1764330691904 0.45755 43
1764330725860 0.39815 44
1764330759806 0.49057 45
1764330793754 0.41038 46
1764330827737 0.43868 47
1764330861631 0.4434 48
1764330895551 0.41981 49
1764330929497 0.42453 50
1764330963453 0.5056 51
1764330997380 0.4434 52
1764331031306 0.46698 53
1764331065226 0.46204 54
1764331099140 0.45283 55
1764331133062 0.44811 56
1764331166977 0.42925 57
1764331200934 0.48113 58
1764331234841 0.51663 59
1764331268746 0.50472 60
1764331302710 0.50472 61
1764331336608 0.4717 62
1764331370509 0.46226 63
1764331404371 0.45746 64
1764331438275 0.48585 65
1764331472201 0.50472 66
1764331506047 0.48091 67
1764331539941 0.41981 68
1764331573775 0.48585 69
1764331607702 0.5219 70
1764331641637 0.46226 71
1764331675521 0.50288 72
1764331709407 0.53774 73
1764331743269 0.50678 74
1764331777033 0.60337 75
1764331810908 0.49057 76
1764331844661 0.4894 77
1764331878424 0.48113 78
1764331912329 0.55189 79
1764331946239 0.52718 80
1764331980157 0.47922 81
1764332014108 0.50943 82
1764332048041 0.55118 83
1764332082002 0.54717 84
1764332115892 0.56132 85
1764332149788 0.53302 86
1764332183675 0.52631 87
1764332217593 0.52358 88
1764332251505 0.52734 89
1764332285389 0.41981 90
1764332319340 0.48585 91
1764332353136 0.5489 92
1764332387030 0.53774 93
1764332420862 0.53149 94
1764332454816 0.51887 95
1764332488697 0.46698 96
1764332522634 0.49863 97
1764332556521 0.50472 98
1764332590382 0.50707 99
1764332624287 0.5187 100
1764332658203 0.53302 101
1764332692120 0.45436 102
1764332726068 0.58222 103
1764332759892 0.51415 104
1764332793682 0.54879 105
1764332827620 0.56604 106
1764332861551 0.56534 107
1764332895457 0.49057 108
1764332929374 0.54416 109
1764332963286 0.55189 110
1764332997237 0.54245 111
1764333031079 0.57075 112
1764333064974 0.60377 113
1764333098902 0.541 114
1764333132853 0.47642 115
1764333166740 0.50472 116
1764333200671 0.50943 117
1764333234610 0.50472 118
1764333268524 0.5283 119
1764333302393 0.53542 120
1764333336285 0.56132 121
1764333370264 0.49369 122
1764333404140 0.57497 123
1764333438018 0.52358 124
1764333471932 0.5566 125
1764333505781 0.58962 126
1764333539681 0.51428 127
1764333573534 0.55189 128
1764333607430 0.5283 129
1764333641324 0.59226 130
1764333675194 0.57547 131
1764333709051 0.54717 132
1764333742946 0.55189 133
1764333776833 0.50943 134
1764333810717 0.53302 135
1764333844566 0.53774 136
1764333878466 0.56604 137
1764333912392 0.58962 138
1764333946274 0.57547 139
1764333980106 0.5566 140
1764334014025 0.53302 141
1764334047930 0.55189 142
1764334081882 0.5566 143
1764334115732 0.57075 144
1764334149595 0.52622 145
1764334183494 0.61785 146
1764334217378 0.55895 147
1764334251286 0.55828 148
1764334285146 0.53774 149
1764334319042 0.51887 150
1764334352931 0.57702 151
1764334386692 0.56132 152
1764334420554 0.60849 153
1764334454436 0.56132 154
1764334488331 0.52358 155
1764334522256 0.56604 156
1764334556151 0.56132 157
1764334590020 0.5566 158
1764334623881 0.5283 159
1764334657713 0.53774 160
1764334691589 0.52358 161
1764334725514 0.51415 162
1764334759425 0.51887 163
1764334793319 0.56604 164
1764334827236 0.57048 165
1764334861124 0.54717 166
1764334895001 0.50935 167
1764334928873 0.51415 168
1764334962756 0.51151 169
1764334996655 0.52715 170
1764335030554 0.56132 171
1764335064445 0.52358 172
1764335098359 0.53839 173
1764335132247 0.48585 174
1764335166173 0.61454 175
1764335200019 0.59631 176
1764335233957 0.58491 177
1764335267885 0.57547 178
1764335301757 0.54717 179
1764335335693 0.51887 180
1764335369600 0.63208 181
1764335403493 0.55189 182
1764335437404 0.58962 183
1764335471208 0.58454 184
1764335505120 0.5396 185
1764335539040 0.63679 186
1764335572908 0.55189 187
1764335606811 0.58962 188
1764335640690 0.53302 189
1764335674623 0.58962 190
1764335708508 0.60742 191
1764335742290 0.50472 192
1764335776314 0.56348 193
1764335810203 0.59906 194
1764335844117 0.57432 195
1764335878030 0.58319 196
1764335911928 0.5566 197
1764335945853 0.58019 198
1764335979765 0.51415 199
1764336013632 0.56604 200
1764336047532 0.54717 201
1764336081407 0.57547 202
1764336115271 0.56604 203
1764336149181 0.57547 204
1764336183071 0.61319 205
1764336217086 0.62264 206
1764336250982 0.59006 207
1764336284786 0.58491 208
1764336318659 0.57075 209
1764336352576 0.57547 210
1764336386490 0.5886 211
1764336420386 0.53302 212
1764336454269 0.56604 213
1764336488145 0.54963 214
1764336522041 0.63208 215
1764336556010 0.62854 216
1764336589924 0.61792 217
1764336623852 0.63208 218
1764336657721 0.56132 219
1764336691607 0.56604 220
1764336725454 0.55189 221
1764336759287 0.50943 222
1764336793179 0.58388 223
1764336827037 0.55189 224
1764336860895 0.60849 225
1764336894772 0.60849 226
1764336928637 0.58491 227
1764336962579 0.61321 228
1764336996429 0.61544 229
1764337030304 0.59201 230
1764337064201 0.64623 231
1764337098100 0.62347 232
1764337131833 0.59434 233
1764337165684 0.59906 234
1764337199548 0.63208 235
1764337233391 0.60377 236
1764337267299 0.60849 237
1764337301213 0.60576 238
1764337335071 0.63629 239
1764337368907 0.56132 240
1764337402799 0.5283 241
1764337436687 0.57356 242
1764337470603 0.54717 243
1764337504505 0.58019 244
1764337538364 0.59906 245
1764337572228 0.58491 246
1764337606104 0.6059 247
1764337639937 0.56904 248
1764337673864 0.57127 249
1764337707773 0.56132 250
1764337741726 0.58491 251
1764337775677 0.57547 252
1764337809453 0.62736 253
1764337843333 0.63221 254
1764337877216 0.60377 255
1764337911102 0.59906 256
1764337945022 0.61321 257
1764337978874 0.59021 258
1764338012782 0.58491 259
1764338046688 0.59434 260
1764338080581 0.60377 261
1764338114402 0.62736 262
1764338148320 0.5566 263
1764338182102 0.57312 264
1764338215940 0.56132 265
1764338249796 0.61595 266
1764338283686 0.62264 267
1764338317597 0.63208 268
1764338351498 0.60377 269
1764338385386 0.58019 270
1764338419301 0.63583 271
1764338453152 0.63679 272
1764338487049 0.58019 273
1764338520953 0.61078 274
1764338554844 0.61392 275
1764338588754 0.58019 276
1764338622635 0.60449 277
1764338656487 0.55189 278
1764338690368 0.59434 279
1764338724204 0.58962 280
1764338859345 0.61321 281
1764338893128 0.58491 282
1764338926880 0.58962 283
1764338960775 0.62736 284
1764338994645 0.63419 285
1764339028566 0.57547 286
1764339062345 0.64151 287
1764339096195 0.62264 288
1764339130135 0.60377 289
1764339163984 0.60377 290
1764339197844 0.56132 291
1764339231689 0.59434 292
1764339265598 0.60377 293
1764339299474 0.59434 294
1764339333419 0.62736 295
1764339367286 0.58491 296
1764339401187 0.57075 297
1764339435041 0.59032 298
1764339468928 0.53302 299
1764339502812 0.58019 300
1764339536702 0.59906 301
1764339570631 0.60849 302
1764339604559 0.59906 303
1764339638406 0.58491 304
1764339672318 0.60849 305
1764339706194 0.58019 306
1764339740088 0.63208 307
1764339773927 0.61207 308
1764339807842 0.57075 309
1764339841732 0.59434 310
1764339875644 0.62264 311
1764339909473 0.63132 312
1764339943374 0.60869 313
1764339977263 0.58019 314
1764340011136 0.61827 315
1764340044981 0.62264 316
1764340078888 0.61792 317
1764340112786 0.62804 318
1764340146715 0.61321 319
1764340180542 0.61321 320
1764340214419 0.61792 321
1764340248310 0.57075 322
1764340282199 0.58962 323
1764340316102 0.61792 324
1764340350019 0.64115 325
1764340383926 0.60484 326
1764340417816 0.56132 327
1764340451684 0.60849 328
1764340485602 0.61617 329
1764340519520 0.59924 330
1764340553371 0.64151 331
1764340587258 0.60377 332
1764340621203 0.63679 333
1764340655097 0.6111 334
1764340689060 0.61321 335
1764340722910 0.64151 336
1764340756879 0.59753 337
1764340790802 0.58446 338
1764340824726 0.60849 339
1764340858607 0.59906 340
1764340892519 0.65406 341
1764340926404 0.59906 342
1764340960289 0.63208 343
1764340994137 0.63208 344
1764341028026 0.59906 345
1764341061925 0.60377 346
1764341095825 0.59434 347
1764341129723 0.67925 348
1764341163632 0.60849 349
1764341197536 0.60792 350
1764341231442 0.64251 351
1764341265268 0.64151 352
1764341299144 0.61792 353
1764341333010 0.61787 354
1764341366886 0.63679 355
1764341400818 0.62874 356
1764341434706 0.6568 357
1764341468615 0.62264 358
1764341502472 0.64715 359
1764341536298 0.64444 360
1764341570173 0.62522 361
1764341604030 0.61321 362
1764341637884 0.64151 363
1764341671792 0.67474 364
1764341705677 0.66981 365
1764341739577 0.66038 366
1764341773474 0.66038 367
1764341807349 0.65094 368
1764341841246 0.64623 369
1764341875114 0.66594 370
1764341908981 0.64623 371
1764341942871 0.63367 372
1764341976744 0.62736 373
1764342010658 0.65566 374
1764342044509 0.66351 375
1764342078364 0.65094 376
1764342112238 0.67431 377
