1764329225838 2.71032 0
1764329260146 2.63881 1
1764329295951 2.6414 2
1764329330692 2.60537 3
1764329364553 2.59587 4
1764329398460 2.55997 5
1764329432453 2.53559 6
1764329466474 2.47504 7
1764329500414 2.49728 8
1764329534466 2.43595 9
1764329568492 2.47739 10
1764329602418 2.42069 11
1764329636320 2.42268 12
1764329670221 2.37397 13
1764329704193 2.40468 14
1764329738147 2.33601 15
1764329772100 2.36673 16
1764329806039 2.35893 17
1764329839947 2.28665 18
1764329873893 2.31111 19
1764329907878 2.32606 20
1764329941867 2.29881 21
1764329975790 2.28567 22
1764330009681 2.25989 23
1764330043550 2.22808 24
1764330077441 2.28251 25
1764330111348 2.22049 26
1764330145228 2.25191 27
1764330179112 2.22048 28
1764330213014 2.25775 29
1764330246906 2.2582 30
1764330280822 2.23161 31
1764330314779 2.19823 32
1764330348667 2.20771 33
1764330382579 2.20673 34
1764330416533 2.20544 35
1764330450397 2.14061 36
1764330484313 2.18173 37
1764330518206 2.17819 38
1764330552091 2.17056 39
1764330586049 2.15445 40
1764330620030 2.12819 41
1764330653953 2.16071 42
1764330687927 2.19434 43
1764330721826 2.13837 44
1764330755774 2.15186 45
1764330789715 2.12787 46
1764330823677 2.17301 47
1764330857651 2.09174 48
1764330891568 2.11697 49
1764330925456 2.13425 50
1764330959445 2.07031 51
1764330993351 2.14484 52
1764331027319 2.09169 53
1764331061232 2.14175 54
1764331095136 2.06582 55
1764331129055 2.06453 56
1764331162980 2.07755 57
1764331196896 2.13092 58
1764331230846 2.1067 59
1764331264747 2.07957 60
1764331298660 2.04814 61
1764331332626 2.04311 62
1764331366521 2.08346 63
1764331400400 1.99966 64
1764331434285 2.07898 65
1764331468208 2.06042 66
1764331502058 2.07542 67
1764331535964 2.05817 68
1764331569770 2.03001 69
1764331603722 1.98731 70
1764331637639 2.01595 71
1764331671521 2.02126 72
1764331705409 2.04526 73
1764331739283 2.01763 74
1764331773037 1.96748 75
1764331806935 1.97622 76
1764331840682 2.01191 77
1764331874432 1.98998 78
1764331908286 1.97668 79
1764331942211 1.96863 80
1764331976149 1.98141 81
1764332010093 1.97485 82
1764332044042 1.97737 83
1764332077988 1.95683 84
1764332111909 1.93108 85
1764332145788 1.96528 86
1764332179694 1.93333 87
1764332213569 1.93305 88
1764332247521 1.93926 89
1764332281418 1.98454 90
1764332315316 1.90577 91
1764332349167 1.94332 92
1764332383054 1.94018 93
1764332416869 1.9457 94
1764332450808 1.94333 95
1764332484716 1.88074 96
1764332518634 1.949 97
1764332552525 1.87483 98
1764332586402 1.89161 99
1764332620302 1.92299 100
1764332654223 1.88107 101
1764332688136 1.87957 102
1764332722049 1.90918 103
1764332755908 1.82259 104
1764332789699 1.82451 105
1764332823594 1.84147 106
1764332857553 1.8509 107
1764332891455 1.8619 108
1764332925391 1.83699 109
1764332959305 1.84971 110
1764332993211 1.8604 111
1764333027100 1.89319 112
1764333060992 1.88317 113
1764333094907 1.88359 114
1764333128851 1.81428 115
1764333162755 1.76871 116
1764333196685 1.85094 117
1764333230618 1.81599 118
1764333264518 1.84098 119
1764333298407 1.79605 120
1764333332300 1.8183 121
1764333366266 1.78007 122
1764333400171 1.7841 123
1764333434048 1.70289 124
1764333467930 1.78027 125
1764333501809 1.79077 126
1764333535702 1.78122 127
1764333569572 1.77155 128
1764333603454 1.75578 129
1764333637351 1.7094 130
1764333671225 1.76472 131
1764333705083 1.82579 132
1764333738970 1.66959 133
1764333772860 1.71215 134
1764333806737 1.71201 135
1764333840589 1.70508 136
1764333874498 1.71503 137
1764333908421 1.70106 138
1764333942292 1.70808 139
1764333976120 1.68344 140
1764334010041 1.68613 141
1764334043956 1.72343 142
1764334077854 1.71243 143
1764334111766 1.65143 144
1764334145591 1.63192 145
1764334179521 1.67104 146
1764334213406 1.63517 147
1764334247294 1.67329 148
1764334281158 1.69924 149
1764334315058 1.65089 150
1764334348956 1.61527 151
1764334382735 1.62448 152
1764334416583 1.62881 153
1764334450464 1.63549 154
1764334484358 1.68096 155
1764334518294 1.62774 156
1764334552188 1.61181 157
1764334586038 1.59798 158
1764334619910 1.5872 159
1764334653730 1.60428 160
1764334687617 1.60717 161
1764334721534 1.54966 162
1764334755445 1.59831 163
1764334789353 1.53624 164
1764334823265 1.54957 165
1764334857148 1.54182 166
1764334891022 1.54652 167
1764334924915 1.52948 168
1764334958788 1.56203 169
1764334992674 1.50895 170
1764335026478 1.54687 171
1764335060473 1.55774 172
1764335094344 1.55005 173
1764335128267 1.52836 174
1764335162138 1.53274 175
1764335196017 1.51336 176
1764335229930 1.51639 177
1764335263866 1.5394 178
1764335297780 1.5491 179
1764335331667 1.49006 180
1764335365603 1.50276 181
1764335399524 1.51251 182
1764335433425 1.45875 183
1764335467257 1.52286 184
1764335501060 1.47193 185
1764335535053 1.51363 186
1764335568937 1.53516 187
1764335602822 1.43066 188
1764335636718 1.52513 189
1764335670631 1.45432 190
1764335704528 1.45131 191
1764335738333 1.43053 192
1764335772207 1.43045 193
1764335806219 1.3915 194
1764335840136 1.42069 195
1764335874068 1.41585 196
1764335907966 1.40681 197
1764335941857 1.39864 198
1764335975777 1.42053 199
1764336009662 1.37253 200
1764336043571 1.39101 201
1764336077430 1.43653 202
1764336111295 1.41249 203
1764336145187 1.38132 204
1764336179066 1.40074 205
1764336213064 1.42028 206
1764336247003 1.37828 207
1764336280806 1.4075 208
1764336314687 1.37273 209
1764336348578 1.39786 210
1764336382509 1.38576 211
1764336416424 1.40378 212
1764336450308 1.38399 213
1764336484188 1.39144 214
1764336518065 1.35495 215
1764336551928 1.3492 216
1764336585935 1.28441 217
1764336619843 1.33925 218
1764336653760 1.33602 219
1764336687632 1.34858 220
1764336721492 1.36593 221
1764336755322 1.32758 222
1764336789202 1.32872 223
1764336823081 1.29568 224
1764336856930 1.25386 225
1764336890776 1.28766 226
1764336924672 1.30073 227
1764336958548 1.30012 228
1764336992471 1.31346 229
1764337026340 1.35153 230
1764337060237 1.28304 231
1764337094108 1.25094 232
1764337127872 1.26321 233
1764337161724 1.27397 234
1764337195554 1.26935 235
1764337229437 1.26799 236
1764337263339 1.26575 237
1764337297243 1.26598 238
1764337331085 1.25017 239
1764337364935 1.21644 240
1764337398836 1.24446 241
1764337432739 1.22237 242
1764337466631 1.1844 243
1764337500536 1.24762 244
1764337534407 1.21038 245
1764337568259 1.24571 246
1764337602123 1.22406 247
1764337635978 1.219 248
1764337669876 1.19885 249
1764337703796 1.20565 250
1764337737741 1.22856 251
1764337771703 1.2403 252
1764337805498 1.2296 253
1764337839364 1.17161 254
1764337873246 1.193 255
1764337907140 1.18935 256
1764337941020 1.19064 257
1764337974918 1.19532 258
1764338008828 1.14557 259
1764338042731 1.20173 260
1764338076619 1.20885 261
1764338110461 1.18699 262
1764338144333 1.18577 263
1764338178149 1.15401 264
1764338211979 1.18179 265
1764338245839 1.17547 266
1764338279729 1.15754 267
1764338313642 1.14547 268
1764338347541 1.13429 269
1764338381421 1.15565 270
1764338415324 1.15406 271
1764338449192 1.16842 272
1764338483075 1.15166 273
1764338516993 1.13605 274
1764338550895 1.14425 275
1764338584786 1.14772 276
1764338618683 1.11398 277
1764338652527 1.12211 278
1764338686376 1.13063 279
1764338720258 1.14759 280
1764338754103 1.10781 281
1764338889156 1.13996 282
1764338922897 1.12745 283
1764338956794 1.13347 284
1764338990688 1.13223 285
1764339024567 1.10664 286
1764339058383 1.10246 287
1764339092245 1.10406 288
1764339126143 1.10192 289
1764339160028 1.09062 290
1764339193893 1.11987 291
1764339227733 1.10524 292
1764339261612 1.08788 293
1764339295501 1.0875 294
1764339329409 1.13109 295
1764339363309 1.09305 296
1764339397178 1.11769 297
1764339431077 1.07685 298
1764339464970 1.08021 299
1764339498843 1.03154 300
1764339532741 1.05912 301
1764339566643 1.06504 302
1764339600570 1.08989 303
1764339634453 1.02677 304
1764339668338 1.0583 305
1764339702244 1.06079 306
1764339736129 1.08115 307
1764339769978 1.03597 308
1764339803835 1.03926 309
1764339837756 1.00941 310
1764339871645 1.05263 311
1764339905513 1.00389 312
1764339939415 1.00808 313
1764339973288 1.02972 314
1764340007177 1.00127 315
1764340041022 1.02187 316
1764340074907 0.99688 317
1764340108810 0.97654 318
1764340142711 1.02524 319
1764340176581 1.02201 320
1764340210460 1.04748 321
1764340244336 1.02634 322
1764340278234 1.02653 323
1764340312127 0.98748 324
1764340346011 0.98289 325
1764340379965 0.99238 326
1764340413855 1.01737 327
1764340447731 0.98384 328
1764340481636 1.00366 329
1764340515557 0.95669 330
1764340549416 0.97131 331
1764340583300 0.96079 332
1764340617183 0.99951 333
1764340651129 0.94879 334
1764340685066 0.96961 335
1764340718962 0.96823 336
1764340752862 0.96401 337
1764340786809 0.95535 338
1764340820724 0.99142 339
1764340854659 0.96189 340
1764340888544 0.95656 341
1764340922453 0.95538 342
1764340956323 0.91332 343
1764340990180 0.97254 344
1764341024079 0.92972 345
1764341057977 0.91421 346
1764341091847 0.91821 347
1764341125710 0.96977 348
1764341159659 0.9469 349
1764341193578 0.93895 350
1764341227471 0.95695 351
1764341261303 0.95821 352
1764341295180 0.959 353
1764341329042 0.91479 354
1764341362876 0.9492 355
1764341396841 0.9235 356
1764341430762 0.9322 357
1764341464647 0.92481 358
1764341498508 0.93212 359
1764341532308 0.92627 360
1764341566193 0.87673 361
1764341600081 0.91312 362
1764341633936 0.88528 363
1764341667822 0.90813 364
1764341701709 0.88195 365
1764341735612 0.88572 366
1764341769502 0.8944 367
1764341803406 0.92273 368
1764341837280 0.88469 369
1764341871173 0.94225 370
1764341905019 0.88315 371
1764341938883 0.87599 372
1764341972795 0.90194 373
1764342006689 0.89432 374
1764342040550 0.89218 375
1764342074386 0.88251 376
1764342108279 0.88263 377
1764342142060 0.89832 378
