1764329225838 6.9102 0
1764329260146 3.36858 1
1764329295951 3.24663 2
1764329330692 3.26009 3
1764329364553 3.0937 4
1764329398460 3.05044 5
1764329432453 3.07153 6
1764329466474 2.93356 7
1764329500414 2.93561 8
1764329534466 2.797 9
1764329568492 2.89369 10
1764329602418 2.7641 11
1764329636320 2.77047 12
1764329670221 2.68298 13
1764329704193 2.59097 14
1764329738147 2.61308 15
1764329772100 2.49254 16
1764329806039 2.48976 17
1764329839947 2.39706 18
1764329873893 2.35723 19
1764329907878 2.44251 20
1764329941867 2.36603 21
1764329975790 2.36561 22
1764330009681 2.33057 23
1764330043550 2.26799 24
1764330077441 2.3358 25
1764330111348 2.32441 26
1764330145228 2.29385 27
1764330179112 2.24735 28
1764330213014 2.19683 29
1764330246906 2.21458 30
1764330280822 2.18242 31
1764330314779 2.18422 32
1764330348667 2.27468 33
1764330382579 2.15331 34
1764330416533 2.17151 35
1764330450397 2.11324 36
1764330484313 2.11364 37
1764330518206 2.08471 38
1764330552091 2.17578 39
1764330586049 2.11717 40
1764330620030 2.09233 41
1764330653953 1.99838 42
1764330687927 2.07594 43
1764330721826 2.05834 44
1764330755774 2.00749 45
1764330789715 1.98779 46
1764330823677 1.9932 47
1764330857651 1.95462 48
1764330891568 2.04265 49
1764330925456 1.93678 50
1764330959445 1.92638 51
1764330993351 1.93336 52
1764331027319 1.96914 53
1764331061232 2.00171 54
1764331095136 1.87876 55
1764331129055 1.83929 56
1764331162980 1.80106 57
1764331196896 1.83763 58
1764331230846 1.90454 59
1764331264747 1.93706 60
1764331298660 1.87807 61
1764331332626 1.72493 62
1764331366521 1.77269 63
1764331400400 1.70623 64
1764331434285 1.80436 65
1764331468208 1.79841 66
1764331502058 1.78449 67
1764331535964 1.78137 68
1764331569770 1.73488 69
1764331603722 1.64927 70
1764331637639 1.68173 71
1764331671521 1.73018 72
1764331705409 1.72817 73
1764331739283 1.72623 74
1764331773037 1.66717 75
1764331806935 1.60639 76
1764331840682 1.71896 77
1764331874432 1.61304 78
1764331908286 1.70884 79
1764331942211 1.60342 80
1764331976149 1.61388 81
1764332010093 1.6947 82
1764332044042 1.60789 83
1764332077988 1.62335 84
1764332111909 1.62371 85
1764332145788 1.59447 86
1764332179694 1.63584 87
1764332213569 1.53634 88
1764332247521 1.57018 89
1764332281418 1.56764 90
1764332315316 1.52901 91
1764332349167 1.53379 92
1764332383054 1.54469 93
1764332416869 1.5803 94
1764332450808 1.6023 95
1764332484716 1.62147 96
1764332518634 1.57644 97
1764332552525 1.5235 98
1764332586402 1.52931 99
1764332620302 1.51021 100
1764332654223 1.47717 101
1764332688136 1.52923 102
1764332722049 1.47964 103
1764332755908 1.48533 104
1764332789699 1.40175 105
1764332823594 1.43454 106
1764332857553 1.41263 107
1764332891455 1.51261 108
1764332925391 1.46257 109
1764332959305 1.41258 110
1764332993211 1.4447 111
1764333027100 1.47978 112
1764333060992 1.44328 113
1764333094907 1.4505 114
1764333128851 1.4596 115
1764333162755 1.37285 116
1764333196685 1.40714 117
1764333230618 1.42686 118
1764333264518 1.41179 119
1764333298407 1.39891 120
1764333332300 1.39381 121
1764333366266 1.38425 122
1764333400171 1.32546 123
1764333434048 1.34536 124
1764333467930 1.35204 125
1764333501809 1.24513 126
1764333535702 1.3367 127
1764333569572 1.34458 128
1764333603454 1.31155 129
1764333637351 1.23948 130
1764333671225 1.31099 131
1764333705083 1.3965 132
1764333738970 1.30529 133
1764333772860 1.24415 134
1764333806737 1.26086 135
1764333840589 1.25982 136
1764333874498 1.26502 137
1764333908421 1.24244 138
1764333942292 1.2222 139
1764333976120 1.21069 140
1764334010041 1.2106 141
1764334043956 1.28909 142
1764334077854 1.27298 143
1764334111766 1.21734 144
1764334145591 1.2169 145
1764334179521 1.14524 146
1764334213406 1.17024 147
1764334247294 1.24815 148
1764334281158 1.19296 149
1764334315058 1.17754 150
1764334348956 1.1091 151
1764334382735 1.14132 152
1764334416583 1.17113 153
1764334450464 1.15246 154
1764334484358 1.20738 155
1764334518294 1.15669 156
1764334552188 1.12432 157
1764334586038 1.17646 158
1764334619910 1.10442 159
1764334653730 1.14253 160
1764334687617 1.1542 161
1764334721534 1.10009 162
1764334755445 1.15324 163
1764334789353 1.09474 164
1764334823265 1.09688 165
1764334857148 1.08348 166
1764334891022 1.11405 167
1764334924915 1.11362 168
1764334958788 1.06322 169
1764334992674 1.07855 170
1764335026478 1.05685 171
1764335060473 1.12825 172
1764335094344 1.14214 173
1764335128267 1.06405 174
1764335162138 1.04959 175
1764335196017 1.09192 176
1764335229930 1.07743 177
1764335263866 1.11135 178
1764335297780 1.13029 179
1764335331667 1.04866 180
1764335365603 1.05911 181
1764335399524 1.12588 182
1764335433425 1.06163 183
1764335467257 1.0411 184
1764335501060 0.99671 185
1764335535053 1.05011 186
1764335568937 1.07912 187
1764335602822 1.01585 188
1764335636718 1.10857 189
1764335670631 1.04513 190
1764335704528 1.02478 191
1764335738333 0.97669 192
1764335772207 1.01582 193
1764335806219 0.98505 194
1764335840136 0.99498 195
1764335874068 0.9898 196
1764335907966 0.99898 197
1764335941857 1.04727 198
1764335975777 0.97443 199
1764336009662 0.98209 200
1764336043571 0.98342 201
1764336077430 0.9852 202
1764336111295 1.00425 203
1764336145187 0.98936 204
1764336179066 0.99564 205
1764336213064 0.99258 206
1764336247003 0.96812 207
1764336280806 0.96659 208
1764336314687 0.95226 209
1764336348578 0.95102 210
1764336382509 0.99145 211
1764336416424 0.99981 212
1764336450308 0.99605 213
1764336484188 0.96066 214
1764336518065 0.91484 215
1764336551928 0.93762 216
1764336585935 0.87926 217
1764336619843 0.924 218
1764336653760 0.94032 219
1764336687632 0.91582 220
1764336721492 0.96948 221
1764336755322 0.92908 222
1764336789202 0.95964 223
1764336823081 0.92085 224
1764336856930 0.8832 225
1764336890776 0.91831 226
1764336924672 0.92703 227
1764336958548 0.91055 228
1764336992471 0.91304 229
1764337026340 0.96577 230
1764337060237 0.90451 231
1764337094108 0.84295 232
1764337127872 0.90337 233
1764337161724 0.90523 234
1764337195554 0.90657 235
1764337229437 0.87747 236
1764337263339 0.88867 237
1764337297243 0.8962 238
1764337331085 0.88874 239
1764337364935 0.8367 240
1764337398836 0.8692 241
1764337432739 0.84611 242
1764337466631 0.87788 243
1764337500536 0.85939 244
1764337534407 0.85861 245
1764337568259 0.90113 246
1764337602123 0.86254 247
1764337635978 0.84047 248
1764337669876 0.80735 249
1764337703796 0.82909 250
1764337737741 0.88411 251
1764337771703 0.87603 252
1764337805498 0.89745 253
1764337839364 0.84436 254
1764337873246 0.82952 255
1764337907140 0.85625 256
1764337941020 0.86926 257
1764337974918 0.83758 258
1764338008828 0.79017 259
1764338042731 0.84568 260
1764338076619 0.85273 261
1764338110461 0.81905 262
1764338144333 0.84103 263
1764338178149 0.82415 264
1764338211979 0.81923 265
1764338245839 0.84955 266
1764338279729 0.84062 267
1764338313642 0.80819 268
1764338347541 0.78395 269
1764338381421 0.80382 270
1764338415324 0.81353 271
1764338449192 0.82991 272
1764338483075 0.80489 273
1764338516993 0.76763 274
1764338550895 0.81107 275
1764338584786 0.83019 276
1764338618683 0.81494 277
1764338652527 0.80291 278
1764338686376 0.78206 279
1764338720258 0.81113 280
1764338754103 0.7707 281
1764338889156 0.80476 282
1764338922897 0.82811 283
1764338956794 0.79109 284
1764338990688 0.79501 285
1764339024567 0.75328 286
1764339058383 0.77758 287
1764339092245 0.77532 288
1764339126143 0.79568 289
1764339160028 0.77108 290
1764339193893 0.77211 291
1764339227733 0.78166 292
1764339261612 0.76588 293
1764339295501 0.76298 294
1764339329409 0.77238 295
1764339363309 0.77558 296
1764339397178 0.79894 297
1764339431077 0.73445 298
1764339464970 0.75648 299
1764339498843 0.7168 300
1764339532741 0.74454 301
1764339566643 0.7362 302
1764339600570 0.74916 303
1764339634453 0.69159 304
1764339668338 0.73397 305
1764339702244 0.77146 306
1764339736129 0.77152 307
1764339769978 0.75702 308
1764339803835 0.73011 309
1764339837756 0.7114 310
1764339871645 0.72531 311
1764339905513 0.72801 312
1764339939415 0.7202 313
1764339973288 0.7003 314
1764340007177 0.69955 315
1764340041022 0.73843 316
1764340074907 0.68727 317
1764340108810 0.70507 318
1764340142711 0.74344 319
1764340176581 0.7085 320
1764340210460 0.73312 321
1764340244336 0.72362 322
1764340278234 0.73685 323
1764340312127 0.72965 324
1764340346011 0.72947 325
1764340379965 0.70283 326
1764340413855 0.72637 327
1764340447731 0.69221 328
1764340481636 0.73725 329
1764340515557 0.69667 330
1764340549416 0.71717 331
1764340583300 0.69281 332
1764340617183 0.70815 333
1764340651129 0.70256 334
1764340685066 0.70834 335
1764340718962 0.68931 336
1764340752862 0.67239 337
1764340786809 0.67063 338
1764340820724 0.72609 339
1764340854659 0.68081 340
1764340888544 0.65694 341
1764340922453 0.67569 342
1764340956323 0.63909 343
1764340990180 0.69824 344
1764341024079 0.68563 345
1764341057977 0.65368 346
1764341091847 0.65352 347
1764341125710 0.68822 348
1764341159659 0.70495 349
1764341193578 0.67353 350
1764341227471 0.69555 351
1764341261303 0.68424 352
1764341295180 0.69312 353
1764341329042 0.65101 354
1764341362876 0.68824 355
1764341396841 0.66678 356
1764341430762 0.68698 357
1764341464647 0.65419 358
1764341498508 0.66757 359
1764341532308 0.66182 360
1764341566193 0.62364 361
1764341600081 0.66319 362
1764341633936 0.64202 363
1764341667822 0.67719 364
1764341701709 0.63728 365
1764341735612 0.64676 366
1764341769502 0.65775 367
1764341803406 0.67038 368
1764341837280 0.64602 369
1764341871173 0.69015 370
1764341905019 0.62816 371
1764341938883 0.62735 372
1764341972795 0.64551 373
1764342006689 0.62756 374
1764342040550 0.62593 375
1764342074386 0.65692 376
1764342108279 0.62744 377
1764342142060 0.65281 378
