1764329225838 2.71644 0
1764329260146 2.81023 1
1764329295951 2.84719 2
1764329330692 2.79927 3
1764329364553 2.776 4
1764329398460 2.83053 5
1764329432453 2.85643 6
1764329466474 2.75812 7
1764329500414 2.78799 8
1764329534466 2.78608 9
1764329568492 2.79348 10
1764329602418 2.6886 11
1764329636320 2.72396 12
1764329670221 2.73217 13
1764329704193 2.68439 14
1764329738147 2.64787 15
1764329772100 2.64881 16
1764329806039 2.69229 17
1764329839947 2.61024 18
1764329873893 2.65376 19
1764329907878 2.62104 20
1764329941867 2.57466 21
1764329975790 2.59035 22
1764330009681 2.56333 23
1764330043550 2.56706 24
1764330077441 2.63407 25
1764330111348 2.62067 26
1764330145228 2.56887 27
1764330179112 2.54379 28
1764330213014 2.54895 29
1764330246906 2.54507 30
1764330280822 2.53462 31
1764330314779 2.55218 32
1764330348667 2.5315 33
1764330382579 2.57108 34
1764330416533 2.57704 35
1764330450397 2.52081 36
1764330484313 2.5137 37
1764330518206 2.52611 38
1764330552091 2.55249 39
1764330586049 2.50461 40
1764330620030 2.47323 41
1764330653953 2.47857 42
1764330687927 2.49585 43
1764330721826 2.48885 44
1764330755774 2.48635 45
1764330789715 2.43999 46
1764330823677 2.50792 47
1764330857651 2.45228 48
1764330891568 2.45862 49
1764330925456 2.45314 50
1764330959445 2.42161 51
1764330993351 2.47206 52
1764331027319 2.41539 53
1764331061232 2.46707 54
1764331095136 2.40036 55
1764331129055 2.40976 56
1764331162980 2.40301 57
1764331196896 2.44643 58
1764331230846 2.45861 59
1764331264747 2.39208 60
1764331298660 2.38941 61
1764331332626 2.35771 62
1764331366521 2.37702 63
1764331400400 2.36609 64
1764331434285 2.36193 65
1764331468208 2.35993 66
1764331502058 2.37509 67
1764331535964 2.37269 68
1764331569770 2.35978 69
1764331603722 2.32775 70
1764331637639 2.29776 71
1764331671521 2.36244 72
1764331705409 2.37801 73
1764331739283 2.33954 74
1764331773037 2.3191 75
1764331806935 2.30902 76
1764331840682 2.32292 77
1764331874432 2.30488 78
1764331908286 2.32982 79
1764331942211 2.31106 80
1764331976149 2.31921 81
1764332010093 2.33553 82
1764332044042 2.32209 83
1764332077988 2.2896 84
1764332111909 2.25259 85
1764332145788 2.30953 86
1764332179694 2.2893 87
1764332213569 2.31079 88
1764332247521 2.29077 89
1764332281418 2.26521 90
1764332315316 2.24501 91
1764332349167 2.29594 92
1764332383054 2.24667 93
1764332416869 2.2872 94
1764332450808 2.31121 95
1764332484716 2.26107 96
1764332518634 2.26735 97
1764332552525 2.24069 98
1764332586402 2.25456 99
1764332620302 2.25768 100
1764332654223 2.23679 101
1764332688136 2.21319 102
1764332722049 2.24343 103
1764332755908 2.18203 104
1764332789699 2.15911 105
1764332823594 2.19856 106
1764332857553 2.15278 107
1764332891455 2.22004 108
1764332925391 2.16012 109
1764332959305 2.20059 110
1764332993211 2.22659 111
1764333027100 2.23336 112
1764333060992 2.25698 113
1764333094907 2.17695 114
1764333128851 2.16495 115
1764333162755 2.11085 116
1764333196685 2.20191 117
1764333230618 2.19132 118
1764333264518 2.20562 119
1764333298407 2.14925 120
1764333332300 2.17756 121
1764333366266 2.18578 122
1764333400171 2.11229 123
1764333434048 2.08997 124
1764333467930 2.14097 125
1764333501809 2.16022 126
1764333535702 2.12015 127
1764333569572 2.14963 128
1764333603454 2.13543 129
1764333637351 2.06024 130
1764333671225 2.1463 131
1764333705083 2.16059 132
1764333738970 2.0616 133
1764333772860 2.09717 134
1764333806737 2.05703 135
1764333840589 2.06848 136
1764333874498 2.08318 137
1764333908421 2.09011 138
1764333942292 2.07913 139
1764333976120 2.10505 140
1764334010041 2.04765 141
1764334043956 2.09402 142
1764334077854 2.05682 143
1764334111766 2.0189 144
1764334145591 2.02999 145
1764334179521 2.02019 146
1764334213406 2.04518 147
1764334247294 2.02465 148
1764334281158 2.07919 149
1764334315058 2.04865 150
1764334348956 2.01852 151
1764334382735 2.01149 152
1764334416583 2.0373 153
1764334450464 1.99549 154
1764334484358 2.04731 155
1764334518294 2.0171 156
1764334552188 1.99313 157
1764334586038 2.00586 158
1764334619910 1.96403 159
1764334653730 1.99329 160
1764334687617 1.96409 161
1764334721534 1.91456 162
1764334755445 2.00037 163
1764334789353 1.92538 164
1764334823265 1.92614 165
1764334857148 1.9329 166
1764334891022 1.96218 167
1764334924915 1.93756 168
1764334958788 1.94215 169
1764334992674 1.91672 170
1764335026478 1.95281 171
1764335060473 1.93005 172
1764335094344 1.95517 173
1764335128267 1.91331 174
1764335162138 1.93065 175
1764335196017 1.914 176
1764335229930 1.92089 177
1764335263866 1.94269 178
1764335297780 1.96311 179
1764335331667 1.89113 180
1764335365603 1.91896 181
1764335399524 1.8834 182
1764335433425 1.84962 183
1764335467257 1.92596 184
1764335501060 1.86209 185
1764335535053 1.91491 186
1764335568937 1.90536 187
1764335602822 1.8356 188
1764335636718 1.92832 189
1764335670631 1.87578 190
1764335704528 1.84994 191
1764335738333 1.82848 192
1764335772207 1.86537 193
1764335806219 1.83382 194
1764335840136 1.83738 195
1764335874068 1.81077 196
1764335907966 1.82712 197
1764335941857 1.7928 198
1764335975777 1.81539 199
1764336009662 1.78055 200
1764336043571 1.79476 201
1764336077430 1.79482 202
1764336111295 1.84072 203
1764336145187 1.8056 204
1764336179066 1.80851 205
1764336213064 1.82095 206
1764336247003 1.78467 207
1764336280806 1.83857 208
1764336314687 1.79658 209
1764336348578 1.80636 210
1764336382509 1.79431 211
1764336416424 1.79571 212
1764336450308 1.81548 213
1764336484188 1.78729 214
1764336518065 1.75255 215
1764336551928 1.76389 216
1764336585935 1.72802 217
1764336619843 1.77082 218
1764336653760 1.73973 219
1764336687632 1.77729 220
1764336721492 1.77074 221
1764336755322 1.76633 222
1764336789202 1.74861 223
1764336823081 1.71335 224
1764336856930 1.66442 225
1764336890776 1.70466 226
1764336924672 1.71474 227
1764336958548 1.70062 228
1764336992471 1.74433 229
1764337026340 1.77116 230
1764337060237 1.71138 231
1764337094108 1.65572 232
1764337127872 1.69842 233
1764337161724 1.69977 234
1764337195554 1.67549 235
1764337229437 1.70609 236
1764337263339 1.67388 237
1764337297243 1.65499 238
1764337331085 1.65977 239
1764337364935 1.65856 240
1764337398836 1.67086 241
1764337432739 1.64925 242
1764337466631 1.63429 243
1764337500536 1.66298 244
1764337534407 1.63353 245
1764337568259 1.62998 246
1764337602123 1.6688 247
1764337635978 1.64837 248
1764337669876 1.63404 249
1764337703796 1.62883 250
1764337737741 1.64623 251
1764337771703 1.69397 252
1764337805498 1.65136 253
1764337839364 1.60346 254
1764337873246 1.60649 255
1764337907140 1.62876 256
1764337941020 1.61316 257
1764337974918 1.60882 258
1764338008828 1.57653 259
1764338042731 1.62104 260
1764338076619 1.62965 261
1764338110461 1.60007 262
1764338144333 1.60444 263
1764338178149 1.58406 264
1764338211979 1.60609 265
1764338245839 1.60584 266
1764338279729 1.57172 267
1764338313642 1.58453 268
1764338347541 1.55612 269
1764338381421 1.55835 270
1764338415324 1.57918 271
1764338449192 1.58475 272
1764338483075 1.55777 273
1764338516993 1.55981 274
1764338550895 1.56887 275
1764338584786 1.59916 276
1764338618683 1.52923 277
1764338652527 1.56233 278
1764338686376 1.55544 279
1764338720258 1.56727 280
1764338754103 1.52419 281
1764338889156 1.55242 282
1764338922897 1.56182 283
1764338956794 1.53346 284
1764338990688 1.58305 285
1764339024567 1.54184 286
1764339058383 1.53872 287
1764339092245 1.53143 288
1764339126143 1.53243 289
1764339160028 1.53606 290
1764339193893 1.56686 291
1764339227733 1.5133 292
1764339261612 1.50106 293
1764339295501 1.50571 294
1764339329409 1.52649 295
1764339363309 1.52219 296
1764339397178 1.52172 297
1764339431077 1.4985 298
1764339464970 1.48126 299
1764339498843 1.48163 300
1764339532741 1.48997 301
1764339566643 1.49858 302
1764339600570 1.51371 303
1764339634453 1.47119 304
1764339668338 1.48479 305
1764339702244 1.48021 306
1764339736129 1.50601 307
1764339769978 1.46723 308
1764339803835 1.46889 309
1764339837756 1.44916 310
1764339871645 1.46478 311
1764339905513 1.47751 312
1764339939415 1.45147 313
1764339973288 1.44486 314
1764340007177 1.43671 315
1764340041022 1.4766 316
1764340074907 1.45398 317
1764340108810 1.42274 318
1764340142711 1.45647 319
1764340176581 1.44448 320
1764340210460 1.45178 321
1764340244336 1.44249 322
1764340278234 1.47299 323
1764340312127 1.43845 324
1764340346011 1.40554 325
1764340379965 1.43245 326
1764340413855 1.45311 327
1764340447731 1.4257 328
1764340481636 1.44434 329
1764340515557 1.38869 330
1764340549416 1.41888 331
1764340583300 1.38441 332
1764340617183 1.42883 333
1764340651129 1.39005 334
1764340685066 1.42728 335
1764340718962 1.40312 336
1764340752862 1.40068 337
1764340786809 1.38114 338
1764340820724 1.40051 339
1764340854659 1.41599 340
1764340888544 1.37492 341
1764340922453 1.37641 342
1764340956323 1.36203 343
1764340990180 1.40843 344
1764341024079 1.39302 345
1764341057977 1.35716 346
1764341091847 1.34498 347
1764341125710 1.39203 348
1764341159659 1.38276 349
1764341193578 1.3749 350
1764341227471 1.40189 351
1764341261303 1.39304 352
1764341295180 1.38946 353
1764341329042 1.34914 354
1764341362876 1.41231 355
1764341396841 1.39239 356
1764341430762 1.36277 357
1764341464647 1.36801 358
1764341498508 1.3951 359
1764341532308 1.35612 360
1764341566193 1.30918 361
1764341600081 1.34499 362
1764341633936 1.30696 363
1764341667822 1.36858 364
1764341701709 1.31978 365
1764341735612 1.33482 366
1764341769502 1.351 367
1764341803406 1.38454 368
1764341837280 1.34156 369
1764341871173 1.36437 370
1764341905019 1.32109 371
1764341938883 1.32441 372
1764341972795 1.32357 373
1764342006689 1.31524 374
1764342040550 1.3287 375
1764342074386 1.31623 376
1764342108279 1.3426 377
1764342142060 1.33326 378
