1764329225838 0.0006572769953051643 0
1764329260146 0.0013239307258821982 1
1764329295951 0.0019905325293779197 2
1764329330692 0.001999824128857001 3
1764329364553 0.001999687347390467 4
1764329398460 0.0019995114947620744 5
1764329432453 0.0019992965779141833 6
1764329466474 0.0019990426053313436 7
1764329500414 0.001998749587039957 8
1764329534466 0.001998417534607885 9
1764329568492 0.0019980464611439887 10
1764329602418 0.001997636381297613 11
1764329636320 0.0019971873112580077 12
1764329670221 0.0019966992687536897 13
1764329704193 0.001996172273051741 14
1764329738147 0.001995606344957049 15
1764329772100 0.0019950015068114875 16
1764329806039 0.001994357782493029 17
1764329839947 0.0019936751974148083 18
1764329873893 0.001992953778524116 19
1764329907878 0.0019921935543013333 20
1764329941867 0.0019913945547588114 21
1764329975790 0.0019905568114396846 22
1764330009681 0.0019896803574166243 23
1764330043550 0.001988765227290535 24
1764330077441 0.001987811457189186 25
1764330111348 0.0019868190847657894 26
1764330145228 0.001985788149197508 27
1764330179112 0.0019847186911839134 28
1764330213014 0.0019836107529453764 29
1764330246906 0.001982464378221402 30
1764330280822 0.001981279612268901 31
1764330314779 0.0019800565018604044 32
1764330348667 0.0019787950952822172 33
1764330382579 0.0019774954423325115 34
1764330416533 0.00197615759431936 35
1764330450397 0.0019747816040587116 36
1764330484313 0.0019733675258723055 37
1764330518206 0.0019719154155855272 38
1764330552091 0.0019704253305252045 39
1764330586049 0.001968897329517345 40
1764330620030 0.001967331472884811 41
1764330653953 0.001965727822444941 42
1764330687927 0.0019640864415071094 43
1764330721826 0.001962407394870225 44
1764330755774 0.0019606907488201736 45
1764330789715 0.001958936571127202 46
1764330823677 0.001957144931043242 47
1764330857651 0.001955315899299177 48
1764330891568 0.0019534495481020467 49
1764330925456 0.001951545951132202 50
1764330959445 0.0019496051835403915 51
1764330993351 0.001947627321944797 52
1764331027319 0.0019456124444280068 53
1764331061232 0.001943560630533936 54
1764331095136 0.0019414719612646833 55
1764331129055 0.0019393465190773354 56
1764331162980 0.0019371843878807104 57
1764331196896 0.001934985653032046 58
1764331230846 0.0019327504013336289 59
1764331264747 0.001930478721029369 60
1764331298660 0.0019281707018013146 61
1764331332626 0.0019258264347661134 62
1764331366521 0.0019234460124714138 63
1764331400400 0.0019210295288922118 64
1764331434285 0.0019185770794271414 65
1764331468208 0.0019160887608947084 66
1764331502058 0.0019135646715294676 67
1764331535964 0.0019110049109781458 68
1764331569770 0.0019084095802957058 69
1764331603722 0.0019057787819413594 70
1764331637639 0.0019031126197745208 71
1764331671521 0.0019004111990507074 72
1764331705409 0.0018976746264173837 73
1764331739283 0.001894903009909751 74
1764331773037 0.0018920964589464841 75
1764331806935 0.0018892550843254093 76
1764331840682 0.0018863789982191308 77
1764331874432 0.0018834683141706037 78
1764331908286 0.0018805231470886508 79
1764331942211 0.001877543613243425 80
1764331976149 0.001874529830261821 81
1764332010093 0.0018714819171228305 82
1764332044042 0.001868399994152845 83
1764332077988 0.0018652841830209068 84
1764332111909 0.0018621346067339043 85
1764332145788 0.0018589513896317155 86
1764332179694 0.0018557346573823022 87
1764332213569 0.0018524845369767451 88
1764332247521 0.0018492011567242323 89
1764332281418 0.0018458846462469948 90
1764332315316 0.0018425351364751875 91
1764332349167 0.0018391527596417203 92
1764332383054 0.0018357376492770397 93
1764332416869 0.0018322899402038546 94
1764332450808 0.0018288097685318161 95
1764332484716 0.0018252972716521433 96
1764332518634 0.0018217525882321978 97
1764332552525 0.0018181758582100122 98
1764332586402 0.0018145672227887631 99
1764332620302 0.001810926824431198 100
1764332654223 0.0018072548068540106 101
1764332688136 0.0018035513150221679 102
1764332722049 0.0017998164951431854 103
1764332755908 0.001796050494661357 104
1764332789699 0.0017922534622519335 105
1764332823594 0.0017884255478152527 106
1764332857553 0.0017845669024708223 107
1764332891455 0.0017806776785513532 108
1764332925391 0.0017767580295967467 109
1764332959305 0.0017728081103480313 110
1764332993211 0.0017688280767412564 111
1764333027100 0.0017648180859013334 112
1764333060992 0.0017607782961358348 113
1764333094907 0.0017567088669287428 114
1764333128851 0.0017526099589341552 115
1764333162755 0.0017484817339699405 116
1764333196685 0.001744324355011352 117
1764333230618 0.0017401379861845922 118
1764333264518 0.0017359227927603346 119
1764333298407 0.0017316789411471977 120
1764333332300 0.0017274065988851764 121
1764333366266 0.0017231059346390278 122
1764333400171 0.001718777118191613 123
1764333434048 0.0017144203204371925 124
1764333467930 0.001710035713374682 125
1764333501809 0.0017056234701008607 126
1764333535702 0.001701183764803538 127
1764333569572 0.001696716772754677 128
1764333603454 0.001692222670303475 129
1764333637351 0.0016877016348694018 130
1764333671225 0.0016831538449351951 131
1764333705083 0.0016785794800398142 132
1764333738970 0.0016739787207713528 133
1764333772860 0.0016693517487599092 134
1764333806737 0.0016646987466704152 135
1764333840589 0.0016600198981954269 136
1764333874498 0.00165531538804787 137
1764333908421 0.0016505854019537498 138
1764333942292 0.0016458301266448186 139
1764333976120 0.001641049749851203 140
1764334010041 0.0016362444602939933 141
1764334043956 0.0016314144476777934 142
1764334077854 0.0016265599026832314 143
1764334111766 0.0016216810169594309 144
1764334145591 0.0016167779831164468 145
1764334179521 0.0016118509947176593 146
1764334213406 0.0016069002462721345 147
1764334247294 0.0016019259332269438 148
1764334281158 0.0015969282519594486 149
1764334315058 0.0015919073997695487 150
1764334348956 0.0015868635748718905 151
1764334382735 0.001581796976388045 152
1764334416583 0.0015767078043386448 153
1764334450464 0.0015715962596354889 154
1764334484358 0.0015664625440736093 155
1764334518294 0.0015613068603233062 156
1764334552188 0.001556129411922146 157
1764334586038 0.0015509304032669262 158
1764334619910 0.0015457100396056073 159
1764334653730 0.0015404685270292066 160
1764334687617 0.0015352060724636667 161
1764334721534 0.0015299228836616829 162
1764334755445 0.0015246191691945024 163
1764334789353 0.0015192951384436918 164
1764334823265 0.0015139510015928677 165
1764334857148 0.0015085869696194031 166
1764334891022 0.001503203254286096 167
1764334924915 0.0014978000681328085 168
1764334958788 0.0014923776244680788 169
1764334992674 0.0014869361373606982 170
1764335026478 0.0014814758216312597 171
1764335060473 0.0014759968928436792 172
1764335094344 0.001470499567296684 173
1764335128267 0.0014649840620152732 174
1764335162138 0.0014594505947421515 175
1764335196017 0.0014538993839291324 176
1764335229930 0.0014483306487285126 177
1764335263866 0.0014427446089844236 178
1764335297780 0.0014371414852241496 179
1764335331667 0.0014315214986494217 180
1764335365603 0.001425884871127688 181
1764335399524 0.0014202318251833514 182
1764335433425 0.0014145625839889857 183
1764335467257 0.001408877371356526 184
1764335501060 0.001403176411728433 185
1764335535053 0.0013974599301688304 186
1764335568937 0.0013917281523546227 187
1764335602822 0.0013859813045665832 188
1764335636718 0.0013802196136804225 189
1764335670631 0.001374443307157831 190
1764335704528 0.0013686526130375003 191
1764335738333 0.0013628477599261185 192
1764335772207 0.0013570289769893466 193
1764335806219 0.001351196493942772 194
1764335840136 0.0013453505410428385 195
1764335874068 0.0013394913490777567 196
1764335907966 0.0013336191493583934 197
1764335941857 0.0013277341737091373 198
1764335975777 0.0013218366544587516 199
1764336009662 0.0013159268244311983 200
1764336043571 0.0013100049169364463 201
1764336077430 0.0013040711657612645 202
1764336111295 0.001298125805159989 203
1764336145187 0.0012921690698452764 204
1764336179066 0.001286201194978837 205
1764336213064 0.001280222416162152 206
1764336247003 0.001274232969427172 207
1764336280806 0.0012682330912269979 208
1764336314687 0.0012622230184265485 209
1764336348578 0.0012562029882932063 210
1764336382509 0.0012501732384874533 211
1764336416424 0.0012441340070534874 212
1764336450308 0.0012380855324098249 213
1764336484188 0.0012320280533398872 214
1764336518065 0.0012259618089825773 215
1764336551928 0.0012198870388228343 216
1764336585935 0.0012138039826821826 217
1764336619843 0.0012077128807092632 218
1764336653760 0.0012016139733703516 219
1764336687632 0.0011955075014398672 220
1764336721492 0.0011893937059908662 221
1764336755322 0.0011832728283855233 222
1764336789202 0.0011771451102656064 223
1764336823081 0.0011710107935429348 224
1764336856930 0.0011648701203898287 225
1764336890776 0.0011587233332295494 226
1764336924672 0.00115257067472673 227
1764336958548 0.001146412387777792 228
1764336992471 0.0011402487155013597 229
1764337026340 0.0011340799012286614 230
1764337060237 0.001127906188493921 231
1764337094108 0.0011217278210247468 232
1764337127872 0.0011155450427325073 233
1764337161724 0.0011093580977027027 234
1764337195554 0.001103167230185329 235
1764337229437 0.0010969726845852358 236
1764337263339 0.0010907747054524762 237
1764337297243 0.0010845735374726535 238
1764337331085 0.0010783694254572621 239
1764337364935 0.0010721626143340205 240
1764337398836 0.0010659533491372043 241
1764337432739 0.001059741874997972 242
1764337466631 0.0010535284371346863 243
1764337500536 0.0010473132808432352 244
1764337534407 0.0010410966514873472 245
1764337568259 0.0010348787944889043 246
1764337602123 0.001028659955318254 247
1764337635978 0.0010224403794845194 248
1764337669876 0.0010162203125259036 249
1764337703796 0.0010100000000000003 250
1764337737741 0.0010037796874740967 251
1764337771703 0.0009975596205154809 252
1764337805498 0.0009913400446817458 253
1764337839364 0.000985121205511096 254
1764337873246 0.0009789033485126531 255
1764337907140 0.0009726867191567648 256
1764337941020 0.0009664715628653138 257
1764337974918 0.0009602581250020283 258
1764338008828 0.0009540466508627959 259
1764338042731 0.0009478373856659799 260
1764338076619 0.0009416305745427385 261
1764338110461 0.0009354264625273466 262
1764338144333 0.0009292252945475242 263
1764338178149 0.0009230273154147644 264
1764338211979 0.0009168327698146708 265
1764338245839 0.0009106419022972973 266
1764338279729 0.0009044549572674928 267
1764338313642 0.0008982721789752532 268
1764338347541 0.0008920938115060791 269
1764338381421 0.0008859200987713388 270
1764338415324 0.0008797512844986404 271
1764338449192 0.0008735876122222084 272
1764338483075 0.0008674293252732703 273
1764338516993 0.0008612766667704506 274
1764338550895 0.0008551298796101716 275
1764338584786 0.0008489892064570653 276
1764338618683 0.0008428548897343932 277
1764338652527 0.0008367271716144769 278
1764338686376 0.0008306062940091341 279
1764338720258 0.0008244924985601328 280
1764338754103 0.0008183860266296485 281
1764338889156 0.0008122871192907373 282
1764338922897 0.0008061960173178176 283
1764338956794 0.000800112961177166 284
1764338990688 0.0007940381910174231 285
1764339024567 0.0007879719466601125 286
1764339058383 0.0007819144675901754 287
1764339092245 0.0007758659929465126 288
1764339126143 0.0007698267615125467 289
1764339160028 0.000763797011706794 290
1764339193893 0.0007577769815734519 291
1764339227733 0.0007517669087730021 292
1764339261612 0.0007457670305728286 293
1764339295501 0.000739777583837848 294
1764339329409 0.000733798805021163 295
1764339363309 0.0007278309301547237 296
1764339397178 0.0007218741948400109 297
1764339431077 0.0007159288342387354 298
1764339464970 0.000709995083063554 299
1764339498843 0.0007040731755688022 300
1764339532741 0.0006981633455412484 301
1764339566643 0.0006922658262908627 302
1764339600570 0.0006863808506416072 303
1764339634453 0.0006805086509222433 304
1764339668338 0.0006746494589571617 305
1764339702244 0.000668803506057228 306
1764339736129 0.0006629710230106535 307
1764339769978 0.0006571522400738818 308
1764339803835 0.0006513473869624997 309
1764339837756 0.0006455566928421688 310
1764339871645 0.0006397803863195777 311
1764339905513 0.0006340186954334171 312
1764339939415 0.0006282718476453775 313
1764339973288 0.0006225400698311698 314
1764340007177 0.0006168235882715672 315
1764340041022 0.0006111226286434739 316
1764340074907 0.0006054374160110145 317
1764340108810 0.0005997681748166488 318
1764340142711 0.0005941151288723119 319
1764340176581 0.000588478501350578 320
1764340210460 0.000582858514775851 321
1764340244336 0.0005772553910155766 322
1764340278234 0.0005716693512714877 323
1764340312127 0.0005661006160708684 324
1764340346011 0.0005605494052578488 325
1764340379965 0.0005550159379847271 326
1764340413855 0.0005495004327033162 327
1764340447731 0.000544003107156321 328
1764340481636 0.00053852417836874 329
1764340515557 0.0005330638626393023 330
1764340549416 0.0005276223755319211 331
1764340583300 0.000522199931867191 332
1764340617183 0.0005167967457139042 333
1764340651129 0.0005114130303805971 334
1764340685066 0.0005060489984071324 335
1764340718962 0.0005007048615563085 336
1764340752862 0.0004953808308054979 337
1764340786809 0.0004900771163383171 338
1764340820724 0.00048479392753633357 339
1764340854659 0.00047953147297079334 340
1764340888544 0.0004742899603943931 341
1764340922453 0.00046906959673307356 342
1764340956323 0.0004638705880778542 343
1764340990180 0.0004586931396766938 344
1764341024079 0.0004535374559263905 345
1764341057977 0.0004484037403645114 346
1764341091847 0.0004432921956613549 347
1764341125710 0.0004382030236119552 348
1764341159659 0.0004331364251281098 349
1764341193578 0.0004280926002304519 350
1764341227471 0.0004230717480405513 351
1764341261303 0.0004180740667730567 352
1764341295180 0.00041309975372786555 353
1764341329042 0.00040814900528234066 354
1764341362876 0.00040322201688355365 355
1764341396841 0.0003983189830405687 356
1764341430762 0.0003934400973167689 357
1764341464647 0.00038858555232220663 358
1764341498508 0.0003837555397060066 359
1764341532308 0.00037895025014879715 360
1764341566193 0.00037416987335518194 361
1764341600081 0.00036941459804625 362
1764341633936 0.0003646846119521301 363
1764341667822 0.0003599801018045732 364
1764341701709 0.0003553012533295845 365
1764341735612 0.0003506482512400908 366
1764341769502 0.0003460212792286472 367
1764341803406 0.00034142051996018585 368
1764341837280 0.000336846155064805 369
1764341871173 0.00033229836513059863 370
1764341905019 0.000327777329696525 371
1764341938883 0.0003232832272453234 372
1764341972795 0.00031881623519646233 373
1764342006689 0.0003143765298991392 374
1764342040550 0.0003099642866253181 375
1764342074386 0.0003055796795628076 376
1764342108279 0.0003012228818083873 377
1764342142060 0.0002968940653609722 378
