1763138232071 0.0033173076923076923 0
1763138372745 0.006650576043050832 1
1763138504838 0.009983584154115285 2
1763138653460 0.009999120644285004 3
1763138781848 0.009998436736952334 4
1763138933656 0.009997557473810372 5
1763139054611 0.009996482889570916 6
1763139208449 0.009995213026656718 7
1763139323684 0.009993747935199786 8
1763139483431 0.009992087673039426 9
1763139597477 0.009990232305719944 10
1763139756283 0.009988181906488066 11
1763139874947 0.00998593655629004 12
1763140010034 0.009983496343768447 13
1763140119062 0.009980861365258704 14
1763140244270 0.009978031724785246 15
1763140361654 0.009975007534057436 16
1763140476188 0.009971788912465146 17
1763140606608 0.009968375987074042 18
1763140710574 0.009964768892620579 19
1763140847893 0.009960967771506665 20
1763140949244 0.009956972773794058 21
1763141085738 0.009952784057198424 22
1763141191059 0.009948401787083122 23
1763141323276 0.009943826136452675 24
1763141435402 0.009939057285945931 25
1763141555468 0.009934095423828946 26
1763141676160 0.00992894074598754 27
1763141789052 0.009923593455919566 28
1763141920233 0.009918053764726882 29
1763142021883 0.00991232189110701 30
1763142162874 0.009906398061344504 31
1763142266182 0.009900282509302022 32
1763142403576 0.009893975476411087 33
1763142508008 0.009887477211662558 34
1763142636170 0.0098807879715968 35
1763142751553 0.009873908020293557 36
1763142873138 0.009866837629361526 37
1763142995188 0.009859577077927636 38
1763143105512 0.009852126652626024 39
1763143239111 0.009844486647586725 40
1763143343170 0.009836657364424054 41
1763143486637 0.009828639112224705 42
1763143587592 0.009820432207535548 43
1763143725809 0.009812036974351125 44
1763143831910 0.009803453744100868 45
1763143958588 0.00979468285563601 46
1763144073592 0.00978572465521621 47
1763144192444 0.009776579496495883 48
1763144316348 0.009767247740510233 49
1763144426817 0.009757729755661011 50
1763144560129 0.009748025917701958 51
1763144662838 0.009738136609723985 52
1763144803909 0.009728062222140035 53
1763144905054 0.00971780315266968 54
1763145040486 0.009707359806323416 55
1763145143258 0.009696732595386677 56
1763145258996 0.009685921939403553 57
1763145370041 0.00967492826516023 58
1763145474850 0.009663752006668145 59
1763145596737 0.009652393605146845 60
1763145693175 0.009640853509006573 61
1763145826151 0.009629132173830567 62
1763145922206 0.009617230062357068 63
1763146047661 0.009605147644461059 64
1763146150129 0.009592885397135707 65
1763146265753 0.009580443804473543 66
1763146381971 0.009567823357647338 67
1763146503365 0.00955502455489073 68
1763146636454 0.009542047901478529 69
1763146752097 0.009528893909706798 70
1763146891866 0.009515563098872604 71
1763146998241 0.009502055995253536 72
1763147146293 0.009488373132086917 73
1763147252603 0.009474515049548755 74
1763147394471 0.009460482294732422 75
1763147506034 0.009446275421627046 76
1763147641574 0.009431894991095655 77
1763147758424 0.009417341570853019 78
1763147887420 0.009402615735443254 79
1763148011451 0.009387718066217125 80
1763148132001 0.009372649151309104 81
1763148264453 0.009357409585614153 82
1763148378992 0.009341999970764226 83
1763148514806 0.009326420915104534 84
1763148610643 0.00931067303366952 85
1763148739436 0.009294756948158579 86
1763148836792 0.009278673286911511 87
1763148955761 0.009262422684883725 88
1763149063700 0.009246005783621163 89
1763149173673 0.009229423231234974 90
1763149289628 0.009212675682375937 91
1763149388736 0.009195763798208603 92
1763149515158 0.009178688246385198 93
1763149610551 0.009161449701019272 94
1763149738688 0.009144048842659082 95
1763149837355 0.009126486358260716 96
1763149954646 0.009108762941160989 97
1763150062859 0.00909087929105006 98
1763150170085 0.009072836113943815 99
1763150289267 0.00905463412215599 100
1763150386259 0.009036274034270054 101
1763150516656 0.00901775657511084 102
1763150612701 0.008999082475715927 103
1763150735867 0.008980252473306785 104
1763150838346 0.008961267311259668 105
1763150951028 0.008942127739076263 106
1763151064974 0.008922834512354112 107
1763151167989 0.008903388392756766 108
1763151290144 0.008883790147983734 109
1763151405853 0.008864040551740157 110
1763151547349 0.008844140383706282 111
1763151656469 0.008824090429506668 112
1763151804396 0.008803891480679173 113
1763151916314 0.008783544334643715 114
1763152043473 0.008763049794670776 115
1763152143868 0.008742408669849702 116
1763152258863 0.008721621775056759 117
1763152370608 0.008700689930922961 118
1763152474684 0.008679613963801673 119
1763152598329 0.008658394705735989 120
1763152694509 0.008637032994425881 121
1763152825251 0.008615529673195139 122
1763152921273 0.008593885590958064 123
1763153045187 0.008572101602185963 124
1763153147839 0.00855017856687341 125
1763153263653 0.008528117350504303 126
1763153375180 0.00850591882401769 127
1763153478915 0.008483583863773384 128
1763153601017 0.008461113351517375 129
1763153696795 0.00843850817434701 130
1763153827306 0.008415769224675976 131
1763153923222 0.008392897400199072 132
1763154046222 0.008369893603856765 133
1763154151832 0.008346758743799546 134
1763154262202 0.008323493733352076 135
1763154377674 0.008300099490977134 136
1763154476793 0.008276576940239349 137
1763154603432 0.008252927009768748 138
1763154700509 0.008229150633224092 139
1763154828044 0.008205248749256015 140
1763154926975 0.008181222301469965 141
1763155053513 0.008157072238388968 142
1763155175093 0.008132799513416156 143
1763155296778 0.008108405084797154 144
1763155426361 0.008083889915582234 145
1763155542333 0.008059254973588297 146
1763155680254 0.008034501231360673 147
1763155785532 0.00800962966613472 148
1763155931542 0.007984641259797243 149
1763156036228 0.007959536998847742 150
1763156175258 0.007934317874359453 151
1763156287970 0.007908984881940225 152
1763156420923 0.007883539021693224 153
1763156538919 0.007857981298177445 154
1763156663811 0.007832312720368047 155
1763156789649 0.007806534301616532 156
1763156907197 0.00778064705961073 157
1763157042588 0.0077546520163346315 158
1763157149227 0.007728550198028036 159
1763157275239 0.007702342635146034 160
1763157370805 0.007676030362318334 161
1763157496786 0.007649614418308414 162
1763157595610 0.0076230958459725115 163
1763157713144 0.007596475692218459 164
1763157823450 0.0075697550079643385 165
1763157931582 0.0075429348480970165 166
1763158049786 0.007516016271430479 167
1763158145272 0.007489000340664043 168
1763158275324 0.007461888122340395 169
1763158370476 0.007434680686803491 170
1763158497125 0.007407379108156298 171
1763158597624 0.007379984464218396 172
1763158712058 0.007352497836483419 173
1763158824172 0.007324920310076366 174
1763158927874 0.007297252973710758 175
1763159049923 0.007269496919645662 176
1763159144986 0.007241653243642563 177
1763159274050 0.007213723044922118 178
1763159368915 0.007185707426120748 179
1763159491612 0.007157607493247109 180
1763159593189 0.007129424355638441 181
1763159704686 0.007101159125916757 182
1763159816265 0.007072812919944929 183
1763159918154 0.00704438685678263 184
1763160041355 0.007015882058642164 185
1763160136229 0.006987299650844152 186
1763160262394 0.006958640761773113 187
1763160359414 0.006929906522832916 188
1763160477205 0.006901098068402112 189
1763160582843 0.006872216535789156 190
1763160692476 0.006843263065187502 191
1763160807843 0.006814238799630592 192
1763160905411 0.006785144884946732 193
1763161032405 0.00675598246971386 194
1763161127649 0.006726752705214193 195
1763161252563 0.006697456745388784 196
1763161353476 0.0066680957467919666 197
1763161469122 0.006638670868545686 198
1763161577900 0.006609183272293758 199
1763161683180 0.006579634122155991 200
1763161801664 0.006550024584682231 201
1763161897490 0.006520355828806322 202
1763162029823 0.006490629025799946 203
1763162127023 0.006460845349226382 204
1763162248986 0.006431005974894185 205
1763162350234 0.0064011120808107605 206
1763162461917 0.00637116484713586 207
1763162574255 0.006341165456134989 208
1763162676591 0.006311115092132742 209
1763162800093 0.0062810149414660316 210
1763162895919 0.0062508661924372665 211
1763163026328 0.006220670035267438 212
1763163122913 0.006190427662049124 213
1763163247014 0.0061601402666994366 214
1763163351541 0.006129809044912886 215
1763163490171 0.006099435194114171 216
1763163615273 0.006069019913410914 217
1763163763101 0.006038564403546316 218
1763163902188 0.0060080698668517575 219
1763164045322 0.005977537507199336 220
1763164189483 0.005946968529954331 221
1763164313330 0.005916364141927617 222
1763164446669 0.0058857255513280315 223
1763164562452 0.005855053967714674 224
1763164698267 0.005824350601949143 225
1763164802571 0.005793616666147748 226
1763164948428 0.005762853373633649 227
1763165053100 0.00573206193888896 228
1763165193209 0.005701243577506798 229
1763165302916 0.0056703995061433065 230
1763165437669 0.005639530942469605 231
1763165553041 0.005608639105123734 232
1763165679739 0.005577725213662537 233
1763165797309 0.005546790488513514 234
1763165898869 0.005515836150926645 235
1763166021634 0.00548486342292618 236
1763166117084 0.005453873527262381 237
1763166246917 0.0054228676873632675 238
1763166342153 0.00539184712728631 239
1763166462071 0.005360813071670102 240
1763166565692 0.005329766745686021 241
1763166676440 0.00529870937498986 242
1763166791460 0.005267642185673431 243
1763166893541 0.005236566404216177 244
1763167017873 0.005205483257436736 245
1763167118222 0.005174393972444521 246
1763167247779 0.00514329977659127 247
1763167342940 0.005112201897422597 248
1763167465885 0.005081101562629518 249
1763167568841 0.0050500000000000015 250
1763167680130 0.0050188984373704835 251
1763167793612 0.004987798102577405 252
1763167894045 0.004956700223408729 253
1763168017452 0.00492560602755548 254
1763168112269 0.004894516742563265 255
1763168242384 0.004863433595783824 256
1763168338202 0.004832357814326569 257
1763168456758 0.0048012906250101415 258
1763168562112 0.004770233254313979 259
1763168669782 0.004739186928329899 260
1763168786338 0.004708152872713692 261
1763168886284 0.004677132312636733 262
1763169012177 0.00464612647273762 263
1763169107251 0.004615136577073822 264
1763169232865 0.004584163849073354 265
1763169331640 0.004553209511486487 266
1763169447896 0.004522274786337464 267
1763169556980 0.004491360894876267 268
1763169662335 0.004460469057530395 269
1763169781127 0.004429600493856694 270
1763169876319 0.004398756422493202 271
1763170005429 0.004367938061111042 272
1763170100355 0.004337146626366352 273
1763170222117 0.004306383333852253 274
1763170324847 0.004275649398050858 275
1763170438629 0.004244946032285326 276
1763170548873 0.004214274448671966 277
1763170651958 0.004183635858072385 278
1763170773568 0.0041530314700456705 279
1763170868634 0.0041224624928006635 280
1763170999459 0.004091930133148243 281
1763171094810 0.004061435596453686 282
1763171215772 0.0040309800865890874 283
1763171319180 0.00400056480588583 284
1763171429092 0.0039701909550871155 285
1763171542842 0.003939859733300562 286
1763171641938 0.003909572337950877 287
1763171768099 0.003879329964732563 288
1763171862905 0.0038491338075627335 289
1763171990454 0.00381898505853397 290
1763172087000 0.0037888849078672594 291
1763172204475 0.0037588345438650107 292
1763172320580 0.003728835152864143 293
1763172446790 0.00369888791918924 294
1763172571109 0.003668994025105815 295
1763172686983 0.0036391546507736185 296
1763172819109 0.0036093709742000546 297
1763172927877 0.0035796441711936767 298
1763173069165 0.00354997541531777 299
1763173172799 0.0035203658778440107 300
1763173316537 0.003490816727706242 301
1763173423056 0.003461329131454314 302
1763173556481 0.0034319042532080356 303
1763173673308 0.0034025432546112167 304
1763173799013 0.0033732472947858084 305
1763173921964 0.0033440175302861396 306
1763174042985 0.003314855115053268 307
1763174172141 0.0032857612003694093 308
1763174282817 0.0032567369348124988 309
1763174414806 0.003227783464210844 310
1763174509620 0.0031989019315978883 311
1763174635623 0.0031700934771670855 312
1763174735347 0.0031413592382268873 313
1763174852845 0.003112700349155849 314
1763174966594 0.003084117941357836 315
1763175082629 0.0030556131432173694 316
1763175196379 0.0030271870800550726 317
1763175296421 0.002998840874083244 318
1763175421423 0.0029705756443615594 319
1763175518597 0.00294239250675289 320
1763175646689 0.0029142925738792546 321
1763175744986 0.0028862769550778832 322
1763175862575 0.0028583467563574384 323
1763175970108 0.002830503080354342 324
1763176075666 0.002802747026289244 325
1763176194193 0.0027750796899236353 326
1763176290932 0.0027475021635165807 327
1763176420303 0.002720015535781605 328
1763176515626 0.0026926208918437 329
1763176637099 0.0026653193131965115 330
1763176738251 0.002638111877659606 331
1763176849272 0.0026109996593359553 332
1763176962561 0.0025839837285695213 333
1763177066027 0.0025570651519029853 334
1763177186417 0.002530244992035662 335
1763177281551 0.002503524307781543 336
1763177410079 0.0024769041540274894 337
1763177504801 0.0024503855816915853 338
1763177624859 0.0024239696376816677 339
1763177730333 0.002397657364853967 340
1763177840719 0.0023714498019719653 341
1763177954008 0.002345347983665368 342
1763178054193 0.002319352940389271 343
1763178178557 0.002293465698383469 344
1763178273481 0.0022676872796319526 345
1763178402186 0.002242018701822557 346
1763178498652 0.0022164609783067745 347
1763178616114 0.002191015118059776 348
1763178722124 0.002165682125640549 349
1763178830853 0.0021404630011522597 350
1763178948335 0.002115358740202756 351
1763179044769 0.0020903703338652833 352
1763179175474 0.0020654987686393278 353
1763179271376 0.002040745026411703 354
1763179398124 0.002016110084417768 355
1763179498727 0.0019915949152028434 356
1763179612657 0.0019672004865838445 357
1763179722125 0.001942927761611033 358
1763179827551 0.001918777698530033 359
1763179947017 0.0018947512507439858 360
1763180042031 0.0018708493667759097 361
1763180172139 0.00184707299023125 362
1763180267269 0.0018234230597606504 363
1763180388651 0.0017999005090228659 364
1763180491597 0.0017765062666479227 365
1763180604513 0.001753241256200454 366
1763180718094 0.0017301063961432362 367
1763180819334 0.0017071025998009292 368
1763180957539 0.001684230775324025 369
1763181062595 0.0016614918256529932 370
1763181209556 0.0016388866484826248 371
1763181315776 0.0016164161362266173 372
1763181454988 0.0015940811759823114 373
1763181566363 0.001571882649495696 374
1763181696744 0.0015498214331265902 375
1763181816857 0.0015278983978140382 376
1763181939086 0.0015061144090419366 377
1763182066301 0.0014844703268048608 378
1763182181581 0.0014629670055741196 379
1763182317876 0.0014416052942640123 380
1763182422679 0.0014203860361983289 381
1763182568359 0.0013993100690770398 382
1763182672755 0.001378378224943242 383
1763182812480 0.0013575913301502984 384
1763182925479 0.001336950205329225 385
1763183050563 0.0013164556653562853 386
1763183156796 0.0012961085193208266 387
1763183264065 0.0012759095704933344 388
1763183381810 0.0012558596162937175 389
1763183477290 0.0012359594482598446 390
1763183607969 0.0012162098520162679 391
1763183702993 0.0011966116072432342 392
1763183826193 0.0011771654876458894 393
1763183926953 0.001157872260923738 394
1763184041890 0.0011387326887403327 395
1763184152540 0.0011197475266932144 396
1763184257636 0.0011009175242840741 397
1763184378011 0.001082243424889161 398
1763184473231 0.001063725965729947 399
1763184603796 0.00104536587784401 400
1763184698905 0.001027163886056186 401
1763184818724 0.0010091207089499388 402
1763184923651 0.000991237058839013 403
1763185035930 0.0009735136417392843 404
1763185149201 0.0009559511573409196 405
1763185248597 0.0009385502989807271 406
1763185373784 0.0009213117536148008 407
1763185469252 0.0009042362017913986 408
1763185595906 0.0008873243176240631 409
1763185695961 0.0008705767687650257 410
1763185812340 0.0008539942163788383 411
1763185920364 0.0008375773151162758 412
1763186026230 0.0008213267130884893 413
1763186145189 0.0008052430518414222 414
1763186239972 0.0007893269663304792 415
1763186370767 0.0007735790848954639 416
1763186466347 0.0007580000292357747 417
1763186588633 0.0007425904143858475 418
1763186690238 0.0007273508486908953 419
1763186801888 0.0007122819337828756 420
1763186914099 0.0006973842645567474 421
1763187014520 0.0006826584291469806 422
1763187139458 0.0006681050089043472 423
1763187234324 0.0006537245783729551 424
1763187363266 0.0006395177052675794 425
1763187458538 0.0006254849504512439 426
1763187576909 0.0006116268679130821 427
1763187682364 0.0005979440047464635 428
1763187791602 0.0005844369011273965 429
1763187907062 0.0005711060902932042 430
1763188003716 0.0005579520985214703 431
1763188131616 0.0005449754451092714 432
1763188226607 0.0005321766423526608 433
1763188349384 0.0005195561955264583 434
1763188450593 0.0005071146028642937 435
1763188565840 0.0004948523555389428 436
1763188677544 0.00048276993764293175 437
1763188779824 0.00047086782616943216 438
1763188901948 0.0004591464909934273 439
1763188996997 0.0004476063948531561 440
1763189126579 0.0004362479933318564 441
1763189221979 0.00042507173483977037 442
1763189343343 0.0004140780605964478 443
1763189447579 0.00040326740461332333 444
1763189569243 0.0003926401936765844 445
1763189695952 0.00038219684733032056 446
1763189811575 0.0003719377778599664 447
1763189945365 0.0003618633902760171 448
1763190054245 0.00035197408229804106 449
1763190195459 0.00034227024433898913 450
1763190300375 0.00033275225948976693 451
1763190442415 0.00032342050350411713 452
1763190549408 0.00031427534478378874 453
1763190683330 0.00030531714436399015 454
1763190799338 0.00029654625589913165 455
1763190928204 0.00028796302564887524 456
1763191050972 0.0002795677924644513 457
1763191169541 0.0002713608877752949 458
1763191300459 0.00026334263557594605 459
1763191409833 0.00025551335241327577 460
1763191549453 0.00024787334737397693 461
1763191651896 0.00024042292207236416 462
1763191780942 0.00023316237063847334 463
1763191876999 0.00022609197970644313 464
1763191995898 0.00021921202840320065 465
1763192102100 0.00021252278833744254 466
1763192210601 0.00020602452358891354 467
1763192326987 0.00019971749069797818 468
1763192426900 0.00019360193865549657 469
1763192554036 0.0001876781088929902 470
1763192648770 0.00018194623527311826 471
1763192772513 0.000176406544080433 472
1763192871415 0.00017105925401246004 473
1763192985782 0.00016590457617105426 474
1763193097165 0.00016094271405406757 475
1763193203780 0.00015617386354732643 476
1763193322442 0.00015159821291687802 477
1763193417383 0.00014721594280157736 478
1763193546792 0.0001430272262059429 479
1763193643605 0.00013903222849333542 480
1763193769971 0.00013523110737942323 481
1763193871449 0.00013162401292595826 482
1763193984461 0.00012821108753485521 483
1763194095184 0.00012499246594256387 484
1763194198100 0.0001219682752147544 485
1763194318234 0.00011913863474129594 486
1763194413048 0.00011650365623155246 487
1763194543457 0.00011406344370996192 488
1763194638701 0.00011181809351193617 489
1763194744367 0.00010976769428005628 490
1763194825906 0.00010791232696057307 491
1763194913761 0.00010625206480021299 492
1763195004360 0.00010478697334328269 493
